0.609966 0.486594 -0.054000 0.258824 0.278431 0.266667
0.608657 0.487153 -0.051000 0.266667 0.282353 0.282353
0.607784 0.488154 -0.049000 0.219608 0.235294 0.235294
0.607348 0.489606 -0.048000 0.192157 0.219608 0.207843
0.606039 0.490124 -0.045000 0.203922 0.231373 0.215686
0.605167 0.491092 -0.043000 0.196078 0.227451 0.200000
0.604294 0.492050 -0.041000 0.196078 0.227451 0.200000
0.603422 0.492996 -0.039000 0.203922 0.235294 0.207843
0.603422 0.494883 -0.039000 0.192157 0.219608 0.203922
0.603422 0.496770 -0.039000 0.203922 0.231373 0.215686
0.601677 0.496732 -0.035000 0.211765 0.239216 0.223529
0.600804 0.497641 -0.033000 0.219608 0.247059 0.231373
0.599932 0.498538 -0.031000 0.203922 0.235294 0.207843
0.601241 0.501870 -0.034000 0.223529 0.250980 0.235294
0.608038 0.486594 -0.054000 0.266667 0.286275 0.274510
0.606737 0.487153 -0.051000 0.219608 0.247059 0.235294
0.606304 0.488613 -0.050000 0.203922 0.231373 0.215686
0.605870 0.490068 -0.049000 0.196078 0.223529 0.207843
0.604570 0.490588 -0.046000 0.207843 0.239216 0.211765
0.603269 0.491092 -0.043000 0.207843 0.239216 0.211765
0.601969 0.491580 -0.040000 0.207843 0.239216 0.211765
0.600668 0.492051 -0.037000 0.211765 0.243137 0.215686
0.601102 0.494407 -0.038000 0.203922 0.235294 0.207843
0.601969 0.497248 -0.040000 0.203922 0.235294 0.207843
0.601102 0.498175 -0.038000 0.203922 0.231373 0.215686
0.600668 0.499575 -0.037000 0.215686 0.243137 0.227451
0.599801 0.500484 -0.035000 0.215686 0.247059 0.219608
0.600235 0.502849 -0.036000 0.215686 0.247059 0.219608
0.608264 0.486921 -0.059000 0.254902 0.282353 0.266667
0.605680 0.486141 -0.053000 0.215686 0.243137 0.227451
0.605680 0.488066 -0.053000 0.203922 0.235294 0.207843
0.605249 0.489531 -0.052000 0.200000 0.227451 0.211765
0.604818 0.490992 -0.051000 0.203922 0.231373 0.215686
0.603095 0.491053 -0.047000 0.227451 0.258824 0.231373
0.600941 0.490625 -0.042000 0.200000 0.231373 0.203922
0.599649 0.491110 -0.039000 0.219608 0.250980 0.223529
0.597495 0.490632 -0.034000 0.207843 0.239216 0.211765
0.598356 0.493456 -0.036000 0.219608 0.250980 0.223529
0.599218 0.496291 -0.038000 0.196078 0.227451 0.200000
0.599218 0.498175 -0.038000 0.215686 0.243137 0.227451
0.597925 0.498608 -0.035000 0.196078 0.223529 0.207843
0.597495 0.499997 -0.034000 0.211765 0.243137 0.215686
0.597925 0.502360 -0.035000 0.223529 0.254902 0.227451
0.607179 0.485876 -0.061000 0.207843 0.235294 0.219608
0.604611 0.485118 -0.055000 0.203922 0.231373 0.215686
0.602899 0.485233 -0.051000 0.203922 0.235294 0.207843
0.603327 0.487609 -0.052000 0.219608 0.250980 0.223529
0.603327 0.489531 -0.052000 0.200000 0.231373 0.203922
0.602899 0.490992 -0.051000 0.203922 0.235294 0.207843
0.600758 0.490588 -0.046000 0.215686 0.247059 0.219608
0.599902 0.491559 -0.044000 0.207843 0.239216 0.211765
0.598190 0.491580 -0.040000 0.215686 0.247059 0.219608
0.597334 0.492523 -0.038000 0.200000 0.231373 0.203922
0.597334 0.494407 -0.038000 0.211765 0.243137 0.215686
0.598190 0.497248 -0.040000 0.211765 0.243137 0.215686
0.597334 0.498175 -0.038000 0.211765 0.243137 0.215686
0.597334 0.500059 -0.038000 0.227451 0.254902 0.239216
0.596478 0.500970 -0.036000 0.215686 0.247059 0.219608
0.596906 0.503338 -0.037000 0.219608 0.250980 0.223529
0.606934 0.485712 -0.065000 0.168627 0.188235 0.172549
0.603106 0.483635 -0.056000 0.215686 0.247059 0.219608
0.601830 0.484216 -0.053000 0.203922 0.235294 0.207843
0.600554 0.484780 -0.050000 0.188235 0.223529 0.196078
0.601405 0.487609 -0.052000 0.203922 0.239216 0.211765
0.600129 0.488154 -0.049000 0.207843 0.239216 0.211765
0.600129 0.490068 -0.049000 0.196078 0.227451 0.200000
0.598853 0.490588 -0.046000 0.200000 0.231373 0.203922
0.598427 0.492027 -0.045000 0.203922 0.235294 0.207843
0.596726 0.492050 -0.041000 0.211765 0.243137 0.215686
0.595875 0.492996 -0.039000 0.207843 0.239216 0.211765
0.595875 0.494883 -0.039000 0.200000 0.231373 0.203922
0.596301 0.497248 -0.040000 0.219608 0.250980 0.223529
0.595450 0.498175 -0.038000 0.207843 0.239216 0.211765
0.594174 0.498608 -0.035000 0.219608 0.247059 0.231373
0.594174 0.500484 -0.035000 0.227451 0.258824 0.231373
0.594599 0.502849 -0.036000 0.223529 0.254902 0.227451
0.606667 0.485525 -0.069000 0.211765 0.223529 0.207843
0.603286 0.483930 -0.061000 0.211765 0.243137 0.215686
0.600750 0.483187 -0.055000 0.203922 0.235294 0.207843
0.600328 0.484667 -0.054000 0.200000 0.231373 0.203922
0.599060 0.485233 -0.051000 0.196078 0.231373 0.203922
0.598637 0.486696 -0.050000 0.192157 0.223529 0.196078
0.596947 0.486777 -0.046000 0.200000 0.231373 0.203922
0.596524 0.488221 -0.045000 0.203922 0.235294 0.207843
0.595679 0.489195 -0.043000 0.192157 0.223529 0.196078
0.596524 0.492027 -0.045000 0.207843 0.239216 0.211765
0.595679 0.492990 -0.043000 0.207843 0.239216 0.211765
0.595256 0.494414 -0.042000 0.207843 0.239216 0.211765
0.594834 0.495834 -0.041000 0.215686 0.247059 0.219608
0.594834 0.497726 -0.041000 0.207843 0.239216 0.211765
0.593989 0.498656 -0.039000 0.231373 0.262745 0.235294
0.593143 0.499575 -0.037000 0.215686 0.247059 0.219608
0.593566 0.501943 -0.038000 0.231373 0.262745 0.235294
0.593989 0.504316 -0.039000 0.235294 0.266667 0.239216
0.603439 0.484197 -0.066000 0.239216 0.250980 0.235294
0.601339 0.483930 -0.061000 0.200000 0.219608 0.203922
0.599240 0.483635 -0.056000 0.203922 0.235294 0.207843
0.599240 0.485569 -0.056000 0.203922 0.231373 0.215686
0.598400 0.486594 -0.054000 0.207843 0.239216 0.211765
0.597140 0.487153 -0.051000 0.192157 0.219608 0.203922
0.595041 0.486777 -0.046000 0.207843 0.239216 0.211765
0.594201 0.487759 -0.044000 0.203922 0.235294 0.207843
0.594621 0.490124 -0.045000 0.207843 0.239216 0.211765
0.594621 0.492027 -0.045000 0.207843 0.239216 0.211765
0.595041 0.494400 -0.046000 0.207843 0.239216 0.211765
0.594201 0.495360 -0.044000 0.211765 0.243137 0.215686
0.594201 0.497260 -0.044000 0.211765 0.243137 0.215686
0.592942 0.497726 -0.041000 0.215686 0.247059 0.219608
0.592522 0.499137 -0.040000 0.219608 0.250980 0.223529
0.591262 0.499575 -0.037000 0.219608 0.250980 0.223529
0.591682 0.501943 -0.038000 0.227451 0.254902 0.239216
0.592522 0.504805 -0.040000 0.227451 0.258824 0.231373
0.603147 0.483996 -0.070000 0.231373 0.243137 0.227451
0.599810 0.482426 -0.062000 0.215686 0.235294 0.223529
0.598975 0.483484 -0.060000 0.188235 0.215686 0.200000
0.597307 0.483635 -0.056000 0.203922 0.231373 0.215686
0.597307 0.485569 -0.056000 0.203922 0.231373 0.215686
0.596472 0.486594 -0.054000 0.200000 0.227451 0.211765
0.596055 0.488066 -0.053000 0.203922 0.231373 0.215686
0.594804 0.488613 -0.050000 0.211765 0.243137 0.215686
0.594387 0.490068 -0.049000 0.215686 0.247059 0.219608
0.593970 0.491517 -0.048000 0.207843 0.243137 0.215686
0.593970 0.493429 -0.048000 0.219608 0.254902 0.227451
0.594387 0.495810 -0.049000 0.207843 0.243137 0.215686
0.594387 0.497724 -0.049000 0.207843 0.243137 0.215686
0.593552 0.498687 -0.047000 0.219608 0.250980 0.223529
0.592718 0.499639 -0.045000 0.215686 0.247059 0.219608
0.591884 0.500580 -0.043000 0.227451 0.258824 0.231373
0.592718 0.503445 -0.045000 0.223529 0.254902 0.227451
0.592301 0.504862 -0.044000 0.227451 0.258824 0.231373
0.593135 0.507740 -0.046000 0.231373 0.262745 0.235294
0.602004 0.482899 -0.072000 0.219608 0.235294 0.207843
0.600347 0.483116 -0.068000 0.211765 0.231373 0.215686
0.597446 0.481983 -0.061000 0.200000 0.227451 0.211765
0.597031 0.483484 -0.060000 0.196078 0.223529 0.207843
0.596617 0.484980 -0.059000 0.196078 0.223529 0.207843
0.597031 0.487372 -0.060000 0.207843 0.235294 0.219608
0.596617 0.488863 -0.059000 0.203922 0.235294 0.207843
0.595788 0.489891 -0.057000 0.207843 0.239216 0.211765
0.594959 0.490909 -0.055000 0.207843 0.239216 0.211765
0.594959 0.492839 -0.055000 0.207843 0.243137 0.215686
0.594959 0.494769 -0.055000 0.211765 0.247059 0.219608
0.594130 0.495765 -0.053000 0.231373 0.266667 0.239216
0.593716 0.497220 -0.052000 0.211765 0.254902 0.227451
0.593716 0.499142 -0.052000 0.211765 0.247059 0.219608
0.592887 0.500113 -0.050000 0.211765 0.247059 0.219608
0.592058 0.501074 -0.048000 0.223529 0.254902 0.227451
0.591229 0.502023 -0.046000 0.219608 0.250980 0.223529
0.591644 0.504412 -0.047000 0.231373 0.262745 0.235294
0.590815 0.505348 -0.045000 0.231373 0.262745 0.235294
0.591229 0.507740 -0.046000 0.227451 0.258824 0.231373
0.599204 0.482025 -0.070000 0.215686 0.239216 0.211765
0.596734 0.481356 -0.064000 0.200000 0.231373 0.203922
0.595087 0.481540 -0.060000 0.203922 0.235294 0.207843
0.594676 0.483039 -0.059000 0.207843 0.239216 0.211765
0.594676 0.484980 -0.059000 0.203922 0.235294 0.207843
0.595087 0.487372 -0.060000 0.219608 0.250980 0.223529
0.595911 0.490224 -0.062000 0.207843 0.239216 0.211765
0.595087 0.491260 -0.060000 0.207843 0.239216 0.211765
0.594676 0.492745 -0.059000 0.211765 0.243137 0.215686
0.594264 0.494225 -0.058000 0.215686 0.250980 0.223529
0.594264 0.496163 -0.058000 0.215686 0.250980 0.223529
0.593441 0.497167 -0.056000 0.219608 0.254902 0.227451
0.592206 0.497690 -0.053000 0.231373 0.266667 0.239216
0.591794 0.499142 -0.052000 0.223529 0.258824 0.231373
0.591382 0.500589 -0.051000 0.227451 0.262745 0.235294
0.590559 0.501552 -0.049000 0.231373 0.262745 0.235294
0.589324 0.502023 -0.046000 0.235294 0.266667 0.239216
0.590147 0.504896 -0.048000 0.243137 0.274510 0.247059
0.590147 0.506807 -0.048000 0.250980 0.282353 0.254902
0.590147 0.508718 -0.048000 0.239216 0.270588 0.243137
0.598460 0.481357 -0.073000 0.164706 0.188235 0.160784
0.597233 0.482025 -0.070000 0.200000 0.223529 0.196078
0.595188 0.481796 -0.065000 0.196078 0.227451 0.200000
0.594370 0.482868 -0.063000 0.200000 0.231373 0.203922
0.593552 0.483930 -0.061000 0.215686 0.247059 0.219608
0.593143 0.485428 -0.060000 0.211765 0.243137 0.215686
0.593552 0.487823 -0.061000 0.215686 0.247059 0.219608
0.594370 0.490677 -0.063000 0.219608 0.250980 0.223529
0.593961 0.492173 -0.062000 0.227451 0.258824 0.231373
0.593961 0.494122 -0.062000 0.211765 0.247059 0.219608
0.592734 0.494686 -0.059000 0.219608 0.250980 0.223529
0.593143 0.497092 -0.060000 0.231373 0.262745 0.235294
0.592325 0.498102 -0.058000 0.231373 0.262745 0.235294
0.591507 0.499100 -0.056000 0.243137 0.274510 0.247059
0.590690 0.500088 -0.054000 0.239216 0.270588 0.243137
0.590690 0.502015 -0.054000 0.235294 0.278431 0.250980
0.589872 0.502986 -0.052000 0.223529 0.258824 0.231373
0.588645 0.503466 -0.049000 0.243137 0.278431 0.250980
0.587418 0.503929 -0.046000 0.235294 0.266667 0.239216
0.588236 0.506807 -0.048000 0.239216 0.270588 0.243137
0.588645 0.509208 -0.049000 0.243137 0.274510 0.247059
0.596886 0.481792 -0.074000 0.180392 0.200000 0.184314
0.595668 0.482462 -0.071000 0.172549 0.192157 0.176471
0.593230 0.481796 -0.065000 0.207843 0.239216 0.211765
0.593230 0.483754 -0.065000 0.200000 0.231373 0.203922
0.592824 0.485266 -0.064000 0.211765 0.243137 0.215686
0.592012 0.486325 -0.062000 0.215686 0.247059 0.219608
0.591606 0.487823 -0.061000 0.211765 0.243137 0.215686
0.591606 0.489770 -0.061000 0.243137 0.274510 0.247059
0.592012 0.492173 -0.062000 0.239216 0.270588 0.243137
0.592418 0.494582 -0.063000 0.239216 0.270588 0.243137
0.592012 0.496072 -0.062000 0.231373 0.262745 0.235294
0.592418 0.498486 -0.063000 0.239216 0.270588 0.243137
0.591199 0.499036 -0.060000 0.235294 0.266667 0.239216
0.590387 0.500040 -0.058000 0.250980 0.282353 0.254902
0.589574 0.501033 -0.056000 0.262745 0.294118 0.266667
0.589574 0.502966 -0.056000 0.254902 0.286275 0.258824
0.588762 0.503943 -0.054000 0.250980 0.282353 0.254902
0.588356 0.505389 -0.053000 0.254902 0.290196 0.262745
0.587950 0.506831 -0.052000 0.266667 0.298039 0.270588
0.588762 0.509726 -0.054000 0.247059 0.278431 0.250980
0.588762 0.511653 -0.054000 0.231373 0.262745 0.235294
0.595308 0.482226 -0.075000 0.184314 0.203922 0.188235
0.594097 0.482899 -0.072000 0.172549 0.200000 0.184314
0.593290 0.483996 -0.070000 0.164706 0.196078 0.168627
0.592483 0.485082 -0.068000 0.192157 0.223529 0.196078
0.592887 0.487493 -0.069000 0.207843 0.239216 0.211765
0.592080 0.488566 -0.067000 0.231373 0.262745 0.235294
0.592483 0.490980 -0.068000 0.219608 0.250980 0.223529
0.591676 0.492038 -0.066000 0.247059 0.278431 0.250980
0.590869 0.493086 -0.064000 0.239216 0.270588 0.243137
0.590466 0.494582 -0.063000 0.243137 0.274510 0.247059
0.590466 0.496534 -0.063000 0.235294 0.266667 0.239216
0.591273 0.499415 -0.065000 0.235294 0.266667 0.239216
0.590062 0.499971 -0.062000 0.250980 0.282353 0.254902
0.589255 0.500980 -0.060000 0.270588 0.301961 0.274510
0.588045 0.501506 -0.057000 0.266667 0.298039 0.270588
0.588045 0.503442 -0.057000 0.270588 0.301961 0.274510
0.587238 0.504421 -0.055000 0.262745 0.294118 0.266667
0.586834 0.505870 -0.054000 0.266667 0.298039 0.270588
0.586834 0.507798 -0.054000 0.262745 0.294118 0.266667
0.588045 0.511185 -0.057000 0.262745 0.294118 0.266667
0.588045 0.513121 -0.057000 0.262745 0.294118 0.266667
0.594525 0.483530 -0.078000 0.192157 0.211765 0.196078
0.593323 0.484211 -0.075000 0.188235 0.207843 0.192157
0.592521 0.485316 -0.073000 0.164706 0.192157 0.176471
0.591319 0.485968 -0.070000 0.172549 0.200000 0.184314
0.591319 0.487939 -0.070000 0.207843 0.239216 0.211765
0.590918 0.489462 -0.069000 0.223529 0.254902 0.227451
0.591319 0.491881 -0.070000 0.231373 0.262745 0.235294
0.590918 0.493399 -0.069000 0.243137 0.274510 0.247059
0.590117 0.494455 -0.067000 0.247059 0.278431 0.250980
0.589716 0.495959 -0.066000 0.258824 0.290196 0.262745
0.589716 0.497919 -0.066000 0.243137 0.274510 0.247059
0.589716 0.499880 -0.066000 0.258824 0.290196 0.262745
0.589315 0.501373 -0.065000 0.266667 0.298039 0.270588
0.587712 0.501450 -0.061000 0.262745 0.294118 0.266667
0.586911 0.502451 -0.059000 0.278431 0.309804 0.282353
0.586109 0.503442 -0.057000 0.258824 0.290196 0.262745
0.585708 0.504899 -0.056000 0.282353 0.313725 0.286275
0.586109 0.507313 -0.057000 0.278431 0.305882 0.290196
0.586109 0.509249 -0.057000 0.266667 0.294118 0.278431
0.586911 0.512158 -0.059000 0.270588 0.301961 0.274510
0.586510 0.513610 -0.058000 0.262745 0.294118 0.266667
0.592532 0.483530 -0.078000 0.196078 0.219608 0.192157
0.592532 0.485523 -0.078000 0.192157 0.211765 0.196078
0.591736 0.486636 -0.076000 0.192157 0.219608 0.203922
0.590144 0.486853 -0.072000 0.207843 0.235294 0.219608
0.589746 0.488384 -0.071000 0.184314 0.211765 0.196078
0.588950 0.489462 -0.069000 0.188235 0.215686 0.200000
0.589746 0.492332 -0.071000 0.231373 0.258824 0.243137
0.590144 0.494760 -0.072000 0.262745 0.294118 0.266667
0.588950 0.495368 -0.069000 0.247059 0.278431 0.250980
0.588552 0.496877 -0.068000 0.258824 0.286275 0.270588
0.587358 0.497457 -0.065000 0.258824 0.286275 0.270588
0.588154 0.500344 -0.067000 0.258824 0.286275 0.270588
0.587358 0.501373 -0.065000 0.274510 0.301961 0.286275
0.586959 0.502860 -0.064000 0.274510 0.301961 0.286275
0.585765 0.503397 -0.061000 0.282353 0.309804 0.294118
0.584969 0.504393 -0.059000 0.278431 0.309804 0.282353
0.584173 0.505377 -0.057000 0.294118 0.321569 0.305882
0.584969 0.508275 -0.059000 0.274510 0.301961 0.286275
0.584969 0.510216 -0.059000 0.294118 0.321569 0.305882
0.585765 0.513131 -0.061000 0.274510 0.301961 0.286275
0.584969 0.514099 -0.059000 0.258824 0.290196 0.262745
0.589748 0.486636 -0.076000 0.215686 0.243137 0.227451
0.588958 0.487738 -0.074000 0.207843 0.235294 0.219608
0.587772 0.488384 -0.071000 0.211765 0.235294 0.207843
0.586981 0.489462 -0.069000 0.203922 0.235294 0.207843
0.586981 0.491430 -0.069000 0.207843 0.235294 0.219608
0.587772 0.494306 -0.071000 0.250980 0.282353 0.254902
0.587376 0.495824 -0.070000 0.270588 0.298039 0.282353
0.586981 0.497336 -0.069000 0.266667 0.294118 0.278431
0.585795 0.497919 -0.066000 0.270588 0.298039 0.282353
0.585795 0.499880 -0.066000 0.278431 0.305882 0.290196
0.585795 0.501840 -0.066000 0.274510 0.301961 0.286275
0.585400 0.503330 -0.065000 0.286275 0.313725 0.298039
0.584609 0.504342 -0.063000 0.282353 0.309804 0.294118
0.583423 0.504868 -0.060000 0.294118 0.321569 0.305882
0.583819 0.507290 -0.061000 0.286275 0.313725 0.298039
0.584609 0.510199 -0.063000 0.282353 0.309804 0.294118
0.584609 0.512151 -0.063000 0.286275 0.313725 0.301961
0.584214 0.513617 -0.062000 0.270588 0.298039 0.282353
0.583423 0.514588 -0.060000 0.278431 0.305882 0.290196
0.588153 0.487076 -0.077000 0.203922 0.235294 0.207843
0.587368 0.488181 -0.075000 0.219608 0.250980 0.223529
0.586975 0.489721 -0.074000 0.227451 0.247059 0.231373
0.586583 0.491255 -0.073000 0.231373 0.250980 0.235294
0.586190 0.492783 -0.072000 0.223529 0.250980 0.235294
0.585798 0.494306 -0.071000 0.180392 0.207843 0.192157
0.585013 0.495368 -0.069000 0.250980 0.278431 0.262745
0.584620 0.496877 -0.068000 0.270588 0.298039 0.282353
0.583835 0.497919 -0.066000 0.266667 0.294118 0.278431
0.584227 0.500344 -0.067000 0.270588 0.298039 0.282353
0.584620 0.502775 -0.068000 0.282353 0.309804 0.294118
0.584620 0.504740 -0.068000 0.286275 0.313725 0.298039
0.583835 0.505761 -0.066000 0.294118 0.321569 0.305882
0.582264 0.505819 -0.062000 0.294118 0.321569 0.305882
0.581872 0.507290 -0.061000 0.294118 0.321569 0.309804
0.583050 0.510680 -0.064000 0.298039 0.325490 0.313725
0.583050 0.512635 -0.064000 0.294118 0.321569 0.309804
0.582264 0.513617 -0.062000 0.294118 0.321569 0.309804
0.581479 0.514588 -0.060000 0.294118 0.321569 0.305882
0.585773 0.488624 -0.076000 0.207843 0.239216 0.211765
0.585383 0.490166 -0.075000 0.227451 0.258824 0.231373
0.584993 0.491703 -0.074000 0.235294 0.266667 0.239216
0.584603 0.493234 -0.073000 0.239216 0.266667 0.250980
0.583824 0.494306 -0.071000 0.231373 0.258824 0.243137
0.582654 0.494911 -0.068000 0.207843 0.235294 0.219608
0.582654 0.496877 -0.068000 0.262745 0.294118 0.266667
0.583044 0.499305 -0.069000 0.278431 0.309804 0.282353
0.582654 0.500809 -0.068000 0.286275 0.317647 0.290196
0.583044 0.503242 -0.069000 0.294118 0.325490 0.298039
0.582654 0.504740 -0.068000 0.290196 0.317647 0.301961
0.582264 0.506233 -0.067000 0.294118 0.321569 0.305882
0.580705 0.506295 -0.063000 0.301961 0.329412 0.313725
0.580705 0.508247 -0.063000 0.298039 0.325490 0.313725
0.581485 0.511161 -0.065000 0.298039 0.325490 0.313725
0.581874 0.513602 -0.066000 0.294118 0.321569 0.309804
0.580705 0.514103 -0.063000 0.301961 0.329412 0.317647
0.579925 0.515077 -0.061000 0.282353 0.309804 0.298039
0.584946 0.489952 -0.079000 0.164706 0.196078 0.168627
0.584172 0.491057 -0.077000 0.207843 0.235294 0.219608
0.584172 0.493047 -0.077000 0.215686 0.243137 0.227451
0.583785 0.494587 -0.076000 0.235294 0.254902 0.239216
0.583011 0.495667 -0.074000 0.239216 0.258824 0.243137
0.582237 0.496737 -0.072000 0.231373 0.258824 0.243137
0.581850 0.498254 -0.071000 0.231373 0.258824 0.243137
0.581850 0.500228 -0.071000 0.215686 0.247059 0.219608
0.581462 0.501738 -0.070000 0.290196 0.321569 0.294118
0.581462 0.503709 -0.070000 0.286275 0.317647 0.290196
0.580688 0.504740 -0.068000 0.294118 0.321569 0.305882
0.580301 0.506233 -0.067000 0.298039 0.325490 0.309804
0.579527 0.507246 -0.065000 0.294118 0.321569 0.305882
0.579140 0.508725 -0.064000 0.298039 0.325490 0.313725
0.579527 0.511161 -0.065000 0.309804 0.337255 0.325490
0.579914 0.513602 -0.066000 0.313725 0.341176 0.329412
0.579140 0.514590 -0.064000 0.317647 0.345098 0.333333
0.577978 0.515077 -0.061000 0.298039 0.325490 0.313725
0.582951 0.489952 -0.079000 0.215686 0.235294 0.219608
0.582182 0.491057 -0.077000 0.192157 0.219608 0.203922
0.582182 0.493047 -0.077000 0.239216 0.258824 0.243137
0.582182 0.495038 -0.077000 0.211765 0.239216 0.223529
0.581797 0.496575 -0.076000 0.231373 0.250980 0.235294
0.581413 0.498106 -0.075000 0.227451 0.247059 0.231373
0.581413 0.500091 -0.075000 0.239216 0.266667 0.250980
0.580644 0.501152 -0.073000 0.239216 0.270588 0.243137
0.579876 0.502202 -0.071000 0.211765 0.243137 0.215686
0.579107 0.503242 -0.069000 0.286275 0.317647 0.290196
0.577954 0.503800 -0.066000 0.294118 0.321569 0.305882
0.577954 0.505761 -0.066000 0.298039 0.325490 0.309804
0.577569 0.507246 -0.065000 0.301961 0.329412 0.313725
0.577954 0.509681 -0.066000 0.305882 0.333333 0.321569
0.578338 0.512123 -0.067000 0.294118 0.321569 0.309804
0.577954 0.513602 -0.066000 0.305882 0.333333 0.321569
0.577569 0.515076 -0.065000 0.321569 0.349020 0.337255
0.577954 0.517523 -0.066000 0.309804 0.337255 0.325490
0.580955 0.487956 -0.079000 0.207843 0.219608 0.203922
0.580955 0.489952 -0.079000 0.207843 0.227451 0.211765
0.580573 0.491502 -0.078000 0.223529 0.243137 0.227451
0.580573 0.493496 -0.078000 0.227451 0.254902 0.239216
0.580573 0.495489 -0.078000 0.243137 0.270588 0.254902
0.580573 0.497482 -0.078000 0.239216 0.266667 0.250980
0.580573 0.499475 -0.078000 0.239216 0.266667 0.250980
0.580573 0.501468 -0.078000 0.247059 0.274510 0.258824
0.579428 0.502076 -0.075000 0.243137 0.274510 0.247059
0.578283 0.502667 -0.072000 0.243137 0.274510 0.247059
0.577520 0.503709 -0.070000 0.223529 0.254902 0.227451
0.576375 0.504270 -0.067000 0.274510 0.301961 0.286275
0.576375 0.506233 -0.067000 0.301961 0.329412 0.313725
0.575993 0.507721 -0.066000 0.305882 0.333333 0.317647
0.576375 0.510160 -0.067000 0.301961 0.329412 0.313725
0.576757 0.512604 -0.068000 0.313725 0.341176 0.329412
0.576375 0.514086 -0.067000 0.317647 0.345098 0.333333
0.576375 0.516049 -0.067000 0.317647 0.345098 0.333333
0.576757 0.518501 -0.068000 0.309804 0.337255 0.325490
0.578959 0.487956 -0.079000 0.321569 0.333333 0.317647
0.578959 0.489952 -0.079000 0.223529 0.235294 0.219608
0.578959 0.491948 -0.079000 0.223529 0.243137 0.227451
0.578959 0.495940 -0.079000 0.262745 0.290196 0.274510
0.578201 0.499019 -0.077000 0.247059 0.274510 0.258824
0.578580 0.501468 -0.078000 0.247059 0.274510 0.258824
0.577822 0.502538 -0.076000 0.250980 0.278431 0.262745
0.577064 0.503596 -0.074000 0.258824 0.286275 0.270588
0.576306 0.504644 -0.072000 0.247059 0.274510 0.258824
0.575549 0.505680 -0.070000 0.239216 0.266667 0.250980
0.574412 0.506233 -0.067000 0.305882 0.333333 0.317647
0.574033 0.507721 -0.066000 0.294118 0.321569 0.305882
0.574412 0.510160 -0.067000 0.317647 0.345098 0.333333
0.575170 0.513085 -0.069000 0.309804 0.337255 0.325490
0.575549 0.515537 -0.070000 0.317647 0.345098 0.333333
0.575549 0.517508 -0.070000 0.321569 0.349020 0.345098
0.575928 0.519969 -0.071000 0.309804 0.337255 0.333333
0.576963 0.499931 -0.079000 0.243137 0.270588 0.254902
0.576963 0.501927 -0.079000 0.254902 0.274510 0.258824
0.575834 0.502538 -0.076000 0.262745 0.290196 0.274510
0.575458 0.504061 -0.075000 0.258824 0.286275 0.270588
0.575082 0.505578 -0.074000 0.270588 0.298039 0.282353
0.574706 0.507091 -0.073000 0.254902 0.282353 0.266667
0.573577 0.507652 -0.070000 0.250980 0.270588 0.254902
0.572449 0.508197 -0.067000 0.262745 0.290196 0.278431
0.572073 0.509681 -0.066000 0.321569 0.349020 0.337255
0.573201 0.513085 -0.069000 0.301961 0.329412 0.317647
0.573953 0.516021 -0.071000 0.325490 0.352941 0.341176
0.574706 0.518967 -0.073000 0.321569 0.349020 0.337255
0.574706 0.520947 -0.073000 0.317647 0.345098 0.333333
0.574220 0.502999 -0.077000 0.258824 0.278431 0.266667
0.573847 0.504525 -0.076000 0.270588 0.290196 0.278431
0.573473 0.506046 -0.075000 0.278431 0.298039 0.286275
0.573473 0.508031 -0.075000 0.278431 0.298039 0.286275
0.572353 0.508597 -0.072000 0.270588 0.290196 0.278431
0.571233 0.509148 -0.069000 0.235294 0.254902 0.243137
0.570486 0.510160 -0.067000 0.235294 0.262745 0.250980
0.570859 0.512604 -0.068000 0.305882 0.333333 0.321569
0.571606 0.515537 -0.070000 0.309804 0.337255 0.325490
0.572353 0.518481 -0.072000 0.329412 0.356863 0.345098
0.573847 0.522414 -0.076000 0.325490 0.352941 0.341176
0.572971 0.505919 -0.079000 0.290196 0.298039 0.298039
0.572601 0.507448 -0.078000 0.278431 0.294118 0.294118
0.572230 0.508971 -0.077000 0.286275 0.301961 0.301961
0.571488 0.510016 -0.075000 0.282353 0.298039 0.298039
0.570005 0.510099 -0.071000 0.278431 0.305882 0.301961
0.568893 0.510638 -0.068000 0.254902 0.282353 0.278431
0.568523 0.512123 -0.067000 0.223529 0.250980 0.235294
0.569635 0.515537 -0.070000 0.301961 0.337255 0.317647
0.571859 0.520427 -0.076000 0.329412 0.364706 0.345098
0.570975 0.509911 -0.079000 0.305882 0.313725 0.321569
0.570239 0.510961 -0.077000 0.298039 0.313725 0.313725
0.568399 0.510574 -0.072000 0.290196 0.317647 0.313725
0.567663 0.511594 -0.070000 0.290196 0.317647 0.313725
0.567295 0.513085 -0.069000 0.270588 0.298039 0.286275
0.569871 0.518439 -0.076000 0.227451 0.254902 0.239216
0.570607 0.521400 -0.078000 0.286275 0.313725 0.298039
0.568980 0.511907 -0.079000 0.317647 0.325490 0.333333
0.567884 0.512476 -0.076000 0.290196 0.305882 0.305882
0.567518 0.513985 -0.075000 0.282353 0.309804 0.305882
0.568614 0.517413 -0.078000 0.278431 0.305882 0.294118
0.405125 0.134125 -0.092000 0.082353 0.105882 0.113725
0.405264 0.136116 -0.093000 0.074510 0.098039 0.105882
0.405402 0.138112 -0.094000 0.070588 0.098039 0.109804
0.405402 0.144222 -0.094000 0.054902 0.090196 0.109804
0.405402 0.146259 -0.094000 0.062745 0.086275 0.109804
0.405125 0.148344 -0.092000 0.074510 0.094118 0.117647
0.405125 0.150376 -0.092000 0.078431 0.098039 0.121569
0.405264 0.152388 -0.093000 0.078431 0.098039 0.121569
0.405402 0.154407 -0.094000 0.066667 0.090196 0.113725
0.405402 0.156443 -0.094000 0.074510 0.098039 0.121569
0.405402 0.164591 -0.094000 0.074510 0.101961 0.113725
0.403229 0.132047 -0.093000 0.086275 0.121569 0.129412
0.402686 0.134255 -0.089000 0.003922 0.058824 0.094118
0.402686 0.136278 -0.089000 0.000000 0.043137 0.101961
0.402686 0.138301 -0.089000 0.000000 0.031373 0.090196
0.402822 0.140289 -0.090000 0.000000 0.035294 0.101961
0.402822 0.142315 -0.090000 0.000000 0.031373 0.098039
0.402822 0.144341 -0.090000 0.000000 0.035294 0.109804
0.402958 0.146340 -0.091000 0.000000 0.039216 0.105882
0.402822 0.148393 -0.090000 0.000000 0.039216 0.101961
0.402686 0.150440 -0.089000 0.082353 0.101961 0.125490
0.402686 0.152463 -0.089000 0.082353 0.101961 0.125490
0.402686 0.154486 -0.089000 0.078431 0.105882 0.117647
0.402822 0.156496 -0.090000 0.070588 0.105882 0.125490
0.402958 0.158512 -0.091000 0.062745 0.105882 0.125490
0.402958 0.160540 -0.091000 0.058824 0.101961 0.113725
0.403094 0.162564 -0.092000 0.062745 0.105882 0.117647
0.402958 0.164598 -0.091000 0.070588 0.105882 0.125490
0.403229 0.166627 -0.093000 0.078431 0.105882 0.117647
0.403365 0.168664 -0.094000 0.078431 0.109804 0.105882
0.403365 0.170701 -0.094000 0.058824 0.101961 0.113725
0.403365 0.172738 -0.094000 0.054902 0.098039 0.109804
0.403229 0.174763 -0.093000 0.094118 0.117647 0.125490
0.403094 0.176783 -0.092000 0.074510 0.101961 0.113725
0.402822 0.178781 -0.090000 0.078431 0.105882 0.117647
0.402822 0.180807 -0.090000 0.082353 0.109804 0.121569
0.402958 0.182855 -0.091000 0.066667 0.098039 0.133333
0.403094 0.184909 -0.092000 0.070588 0.101961 0.137255
0.403094 0.186940 -0.092000 0.086275 0.109804 0.117647
0.400796 0.132185 -0.090000 0.019608 0.086275 0.125490
0.400529 0.134298 -0.088000 0.368627 0.533333 0.666667
0.400396 0.136359 -0.087000 0.235294 0.498039 0.682353
0.400529 0.138339 -0.088000 0.250980 0.513725 0.698039
0.400396 0.140394 -0.087000 0.243137 0.494118 0.690196
0.400396 0.142412 -0.087000 0.250980 0.509804 0.705882
0.400529 0.144400 -0.088000 0.239216 0.537255 0.729412
0.400529 0.146421 -0.088000 0.243137 0.541176 0.733333
0.400529 0.148441 -0.088000 0.000000 0.270588 0.462745
0.400396 0.150483 -0.087000 0.000000 0.262745 0.439216
0.400396 0.152501 -0.087000 0.003922 0.266667 0.450980
0.400263 0.154534 -0.086000 0.000000 0.227451 0.415686
0.400529 0.156523 -0.088000 0.031373 0.266667 0.439216
0.400663 0.158533 -0.089000 0.019608 0.250980 0.407843
0.400529 0.160564 -0.088000 0.000000 0.211765 0.364706
0.400663 0.162579 -0.089000 0.000000 0.172549 0.345098
0.400663 0.164602 -0.089000 0.000000 0.196078 0.364706
0.400663 0.166625 -0.089000 0.023529 0.231373 0.376471
0.400663 0.168649 -0.089000 0.000000 0.196078 0.333333
0.400529 0.170666 -0.088000 0.000000 0.156863 0.286275
0.400796 0.172704 -0.090000 0.000000 0.137255 0.282353
0.400796 0.174729 -0.090000 0.000000 0.160784 0.298039
0.400796 0.176755 -0.090000 0.000000 0.137255 0.258824
0.400263 0.178714 -0.086000 0.000000 0.121569 0.243137
0.400263 0.180729 -0.086000 0.000000 0.125490 0.239216
0.400263 0.182744 -0.086000 0.000000 0.125490 0.258824
0.400529 0.184809 -0.088000 0.000000 0.101961 0.227451
0.400529 0.186829 -0.088000 0.000000 0.086275 0.192157
0.400796 0.188911 -0.090000 0.000000 0.117647 0.211765
0.400929 0.190970 -0.091000 0.000000 0.090196 0.192157
0.398770 0.132185 -0.090000 0.000000 0.070588 0.137255
0.398378 0.134341 -0.087000 0.192157 0.490196 0.627451
0.398248 0.136399 -0.086000 0.050980 0.411765 0.603922
0.398248 0.138414 -0.086000 0.000000 0.337255 0.529412
0.398378 0.140394 -0.087000 0.015686 0.392157 0.600000
0.398378 0.142412 -0.087000 0.019608 0.435294 0.639216
0.398378 0.144430 -0.087000 0.000000 0.462745 0.662745
0.398378 0.146447 -0.087000 0.082353 0.501961 0.713725
0.398378 0.148465 -0.087000 0.058824 0.474510 0.678431
0.398248 0.150504 -0.086000 0.070588 0.486275 0.690196
0.398118 0.152538 -0.085000 0.078431 0.458824 0.647059
0.398118 0.154550 -0.085000 0.043137 0.403922 0.596078
0.398248 0.156549 -0.086000 0.039216 0.415686 0.615686
0.398378 0.158554 -0.087000 0.078431 0.482353 0.690196
0.398248 0.160579 -0.086000 0.066667 0.505882 0.709804
0.398378 0.162589 -0.087000 0.098039 0.521569 0.717647
0.398248 0.164609 -0.086000 0.070588 0.498039 0.682353
0.398248 0.166624 -0.086000 0.074510 0.490196 0.678431
0.398248 0.168639 -0.086000 0.094118 0.474510 0.662745
0.398248 0.170654 -0.086000 0.066667 0.435294 0.627451
0.398378 0.172678 -0.087000 0.066667 0.443137 0.643137
0.398378 0.174695 -0.087000 0.066667 0.470588 0.678431
0.398248 0.176699 -0.086000 0.101961 0.525490 0.729412
0.397987 0.178680 -0.084000 0.101961 0.517647 0.721569
0.397857 0.180670 -0.083000 0.098039 0.517647 0.698039
0.397857 0.182677 -0.083000 0.098039 0.501961 0.682353
0.397987 0.184709 -0.084000 0.113725 0.478431 0.662745
0.398118 0.186746 -0.085000 0.101961 0.454902 0.647059
0.398118 0.188758 -0.085000 0.090196 0.450980 0.650980
0.398118 0.190771 -0.085000 0.086275 0.501961 0.705882
0.398378 0.192855 -0.087000 0.113725 0.529412 0.725490
0.396999 0.130062 -0.092000 0.090196 0.121569 0.117647
0.396616 0.132231 -0.089000 0.000000 0.082353 0.152941
0.396489 0.134298 -0.088000 0.145098 0.427451 0.564706
0.396489 0.136318 -0.088000 0.000000 0.321569 0.498039
0.396361 0.138377 -0.087000 0.215686 0.580392 0.764706
0.396361 0.140394 -0.087000 0.000000 0.384314 0.592157
0.396233 0.142444 -0.086000 0.027451 0.431373 0.643137
0.396233 0.144459 -0.086000 0.047059 0.498039 0.705882
0.396233 0.146474 -0.086000 0.027451 0.454902 0.666667
0.396361 0.148465 -0.087000 0.027451 0.443137 0.647059
0.396233 0.150504 -0.086000 0.007843 0.411765 0.619608
0.396105 0.152538 -0.085000 0.000000 0.313725 0.521569
0.396233 0.154534 -0.086000 0.188235 0.564706 0.772549
0.396233 0.156549 -0.086000 0.168627 0.560784 0.772549
0.396361 0.158554 -0.087000 0.133333 0.533333 0.756863
0.396105 0.160587 -0.085000 0.023529 0.490196 0.698039
0.396105 0.162599 -0.085000 0.039216 0.478431 0.686275
0.396105 0.164611 -0.085000 0.027451 0.443137 0.647059
0.396105 0.166624 -0.085000 0.007843 0.411765 0.619608
0.396105 0.168636 -0.085000 0.000000 0.329412 0.529412
0.396105 0.170648 -0.085000 0.164706 0.556863 0.764706
0.396233 0.172669 -0.086000 0.129412 0.533333 0.745098
0.396233 0.174684 -0.086000 0.133333 0.545098 0.756863
0.396233 0.176699 -0.086000 0.035294 0.498039 0.698039
0.395978 0.178680 -0.084000 0.015686 0.478431 0.678431
0.395978 0.180690 -0.084000 0.023529 0.439216 0.635294
0.395722 0.182655 -0.082000 0.019608 0.419608 0.615686
0.395850 0.184684 -0.083000 0.000000 0.329412 0.529412
0.395722 0.186663 -0.082000 0.164706 0.549020 0.749020
0.395978 0.188728 -0.084000 0.133333 0.545098 0.756863
0.395978 0.190738 -0.084000 0.117647 0.537255 0.749020
0.396105 0.192783 -0.085000 0.035294 0.498039 0.721569
0.396361 0.194873 -0.087000 0.078431 0.529412 0.737255
0.395218 0.129965 -0.094000 0.094118 0.125490 0.121569
0.394843 0.132139 -0.091000 0.000000 0.058824 0.164706
0.394593 0.134255 -0.089000 0.105882 0.400000 0.552941
0.394593 0.136278 -0.089000 0.164706 0.529412 0.705882
0.394343 0.138377 -0.087000 0.027451 0.407843 0.592157
0.394343 0.140394 -0.087000 0.015686 0.372549 0.584314
0.394218 0.142444 -0.086000 0.000000 0.352941 0.568627
0.394343 0.144430 -0.087000 0.105882 0.556863 0.764706
0.394343 0.146447 -0.087000 0.007843 0.466667 0.674510
0.394468 0.148441 -0.088000 0.000000 0.407843 0.611765
0.394468 0.150461 -0.088000 0.000000 0.352941 0.560784
0.394218 0.152519 -0.086000 0.200000 0.564706 0.776471
0.394468 0.154502 -0.088000 0.000000 0.364706 0.572549
0.394468 0.156523 -0.088000 0.000000 0.364706 0.580392
0.394468 0.158543 -0.088000 0.000000 0.341176 0.568627
0.394093 0.160587 -0.085000 0.101961 0.560784 0.768627
0.394093 0.162599 -0.085000 0.000000 0.458824 0.666667
0.394218 0.164609 -0.086000 0.000000 0.392157 0.603922
0.394218 0.166624 -0.086000 0.000000 0.349020 0.560784
0.394218 0.168639 -0.086000 0.176471 0.580392 0.788235
0.394218 0.170654 -0.086000 0.000000 0.380392 0.584314
0.394093 0.172660 -0.085000 0.000000 0.376471 0.588235
0.393843 0.174650 -0.083000 0.000000 0.325490 0.537255
0.393718 0.176643 -0.082000 0.129412 0.580392 0.784314
0.393843 0.178664 -0.083000 0.000000 0.443137 0.647059
0.393968 0.180690 -0.084000 0.000000 0.403922 0.607843
0.393843 0.182677 -0.083000 0.000000 0.329412 0.537255
0.393843 0.184684 -0.083000 0.196078 0.580392 0.780392
0.393843 0.186691 -0.083000 0.000000 0.384314 0.592157
0.394093 0.188758 -0.085000 0.000000 0.380392 0.588235
0.394093 0.190771 -0.085000 0.000000 0.341176 0.564706
0.394218 0.192819 -0.086000 0.094118 0.552941 0.768627
0.394468 0.194911 -0.088000 0.058824 0.533333 0.752941
0.393059 0.130013 -0.093000 0.094118 0.121569 0.129412
0.392570 0.132231 -0.089000 0.000000 0.094118 0.172549
0.392448 0.134298 -0.088000 0.129412 0.435294 0.588235
0.392448 0.136318 -0.088000 0.172549 0.545098 0.729412
0.392325 0.138377 -0.087000 0.000000 0.282353 0.470588
0.392325 0.140394 -0.087000 0.043137 0.337255 0.552941
0.392203 0.142444 -0.086000 0.000000 0.270588 0.494118
0.392203 0.144459 -0.086000 0.066667 0.486275 0.698039
0.392325 0.146447 -0.087000 0.019608 0.498039 0.701961
0.392448 0.148441 -0.088000 0.000000 0.415686 0.627451
0.392692 0.150419 -0.090000 0.000000 0.372549 0.584314
0.392570 0.152463 -0.089000 0.239216 0.603922 0.819608
0.392692 0.154470 -0.090000 0.000000 0.337255 0.552941
0.392692 0.156496 -0.090000 0.011765 0.329412 0.549020
0.392570 0.158533 -0.089000 0.000000 0.215686 0.454902
0.392203 0.160579 -0.086000 0.141176 0.576471 0.796078
0.392203 0.162594 -0.086000 0.000000 0.470588 0.686275
0.392325 0.164607 -0.087000 0.000000 0.403922 0.623529
0.392325 0.166625 -0.087000 0.000000 0.360784 0.584314
0.392448 0.168645 -0.088000 0.164706 0.576471 0.788235
0.392203 0.170654 -0.086000 0.000000 0.345098 0.560784
0.392081 0.172660 -0.085000 0.039216 0.321569 0.545098
0.392081 0.178697 -0.085000 0.007843 0.466667 0.674510
0.392203 0.180729 -0.086000 0.000000 0.400000 0.607843
0.392203 0.182744 -0.086000 0.000000 0.360784 0.576471
0.392081 0.184734 -0.085000 0.203922 0.596078 0.803922
0.392081 0.186746 -0.085000 0.000000 0.352941 0.564706
0.392325 0.188819 -0.087000 0.027451 0.352941 0.572549
0.392325 0.190837 -0.087000 0.000000 0.337255 0.564706
0.392325 0.192855 -0.087000 0.109804 0.517647 0.745098
0.392448 0.194911 -0.088000 0.086275 0.568627 0.788235
0.390427 0.132277 -0.088000 0.000000 0.098039 0.200000
0.390308 0.134341 -0.087000 0.164706 0.509804 0.674510
0.390188 0.136399 -0.086000 0.000000 0.431373 0.615686
0.390308 0.138377 -0.087000 0.070588 0.470588 0.666667
0.390188 0.140429 -0.086000 0.000000 0.172549 0.396078
0.390308 0.142412 -0.087000 0.000000 0.160784 0.396078
0.390188 0.144459 -0.086000 0.145098 0.611765 0.827451
0.390427 0.146421 -0.088000 0.027451 0.533333 0.745098
0.390427 0.148441 -0.088000 0.019608 0.486275 0.701961
0.390666 0.150419 -0.090000 0.000000 0.447059 0.662745
0.390547 0.152463 -0.089000 0.058824 0.470588 0.690196
0.390666 0.154470 -0.090000 0.000000 0.254902 0.470588
0.390547 0.156510 -0.089000 0.000000 0.172549 0.407843
0.390427 0.158543 -0.088000 0.000000 0.176471 0.415686
0.390069 0.160587 -0.085000 0.129412 0.603922 0.823529
0.390069 0.162599 -0.085000 0.023529 0.521569 0.733333
0.390188 0.164609 -0.086000 0.011765 0.466667 0.690196
0.390308 0.166625 -0.087000 0.000000 0.427451 0.650980
0.390308 0.168642 -0.087000 0.105882 0.545098 0.752941
0.390069 0.170648 -0.085000 0.000000 0.207843 0.435294
0.389949 0.172652 -0.084000 0.000000 0.160784 0.396078
0.389949 0.174661 -0.084000 0.000000 0.180392 0.415686
0.389829 0.176657 -0.083000 0.133333 0.607843 0.823529
0.389949 0.178680 -0.084000 0.011765 0.501961 0.717647
0.390069 0.180709 -0.085000 0.027451 0.478431 0.686275
0.390188 0.182744 -0.086000 0.000000 0.403922 0.623529
0.390188 0.184759 -0.086000 0.149020 0.560784 0.772549
0.390547 0.194950 -0.089000 0.090196 0.580392 0.800000
0.388640 0.132185 -0.090000 0.000000 0.082353 0.184314
0.388407 0.134298 -0.088000 0.215686 0.568627 0.729412
0.388173 0.136399 -0.086000 0.003922 0.494118 0.709804
0.388290 0.138377 -0.087000 0.031373 0.537255 0.741176
0.388173 0.140429 -0.086000 0.070588 0.584314 0.800000
0.388173 0.142444 -0.086000 0.082353 0.603922 0.819608
0.388173 0.144459 -0.086000 0.027451 0.580392 0.792157
0.388173 0.146474 -0.086000 0.007843 0.560784 0.772549
0.388407 0.148441 -0.088000 0.015686 0.537255 0.752941
0.388524 0.150440 -0.089000 0.011765 0.513725 0.733333
0.388640 0.152444 -0.090000 0.000000 0.494118 0.713725
0.388524 0.154486 -0.089000 0.047059 0.549020 0.768627
0.388407 0.156523 -0.088000 0.058824 0.588235 0.803922
0.388173 0.158564 -0.086000 0.050980 0.592157 0.807843
0.388056 0.160587 -0.085000 0.019608 0.572549 0.784314
0.388056 0.162599 -0.085000 0.011765 0.549020 0.764706
0.388173 0.164609 -0.086000 0.015686 0.517647 0.737255
0.388290 0.166625 -0.087000 0.003922 0.498039 0.717647
0.388290 0.168642 -0.087000 0.000000 0.478431 0.698039
0.388173 0.170654 -0.086000 0.062745 0.552941 0.772549
0.388056 0.172660 -0.085000 0.109804 0.584314 0.803922
0.388056 0.178697 -0.085000 0.011765 0.549020 0.764706
0.388056 0.180709 -0.085000 0.011765 0.513725 0.733333
0.388173 0.182744 -0.086000 0.007843 0.498039 0.717647
0.388056 0.184734 -0.085000 0.000000 0.482353 0.701961
0.388524 0.194950 -0.089000 0.121569 0.619608 0.831373
0.386843 0.132093 -0.092000 0.000000 0.090196 0.192157
0.386386 0.134298 -0.088000 0.223529 0.592157 0.752941
0.386272 0.136359 -0.087000 0.039216 0.549020 0.745098
0.386272 0.138377 -0.087000 0.027451 0.549020 0.760784
0.386272 0.140394 -0.087000 0.027451 0.564706 0.780392
0.386272 0.142412 -0.087000 0.011765 0.552941 0.776471
0.386386 0.144400 -0.088000 0.019608 0.568627 0.792157
0.386272 0.146447 -0.087000 0.011765 0.560784 0.784314
0.386272 0.148465 -0.087000 0.039216 0.556863 0.784314
0.386386 0.150461 -0.088000 0.035294 0.545098 0.772549
0.386386 0.152482 -0.088000 0.023529 0.545098 0.760784
0.386386 0.154502 -0.088000 0.031373 0.556863 0.784314
0.386272 0.156536 -0.087000 0.019608 0.560784 0.784314
0.386158 0.158564 -0.086000 0.019608 0.568627 0.792157
0.386044 0.160587 -0.085000 0.019608 0.568627 0.792157
0.385930 0.162604 -0.084000 0.035294 0.576471 0.800000
0.386044 0.164611 -0.085000 0.066667 0.580392 0.796078
0.386272 0.166625 -0.087000 0.035294 0.537255 0.756863
0.386272 0.168642 -0.087000 0.031373 0.552941 0.768627
0.386272 0.170660 -0.087000 0.031373 0.552941 0.768627
0.386158 0.172669 -0.086000 0.031373 0.568627 0.792157
0.386044 0.174673 -0.085000 0.027451 0.568627 0.792157
0.386044 0.176685 -0.085000 0.023529 0.572549 0.796078
0.386044 0.178697 -0.085000 0.011765 0.552941 0.776471
0.385930 0.180690 -0.084000 0.035294 0.549020 0.764706
0.385930 0.182699 -0.084000 0.039216 0.541176 0.760784
0.385816 0.184684 -0.083000 0.035294 0.537255 0.756863
0.385145 0.129916 -0.095000 0.074510 0.121569 0.117647
0.384811 0.132093 -0.092000 0.000000 0.109804 0.211765
0.384366 0.134298 -0.088000 0.172549 0.556863 0.717647
0.384366 0.136318 -0.088000 0.039216 0.525490 0.725490
0.384366 0.138339 -0.088000 0.039216 0.537255 0.741176
0.384366 0.140359 -0.088000 0.027451 0.529412 0.749020
0.384366 0.142380 -0.088000 0.039216 0.541176 0.768627
0.384366 0.144400 -0.088000 0.039216 0.541176 0.768627
0.384255 0.146447 -0.087000 0.047059 0.549020 0.776471
0.384143 0.148489 -0.086000 0.027451 0.529412 0.749020
0.384143 0.150504 -0.086000 0.023529 0.525490 0.745098
0.384255 0.152501 -0.087000 0.035294 0.529412 0.749020
0.384366 0.154502 -0.088000 0.047059 0.541176 0.768627
0.384477 0.156510 -0.089000 0.039216 0.541176 0.768627
0.384255 0.158554 -0.087000 0.050980 0.552941 0.780392
0.384255 0.160571 -0.087000 0.043137 0.545098 0.772549
0.384143 0.162594 -0.086000 0.125490 0.627451 0.854902
0.384255 0.164607 -0.087000 0.000000 0.450980 0.670588
0.384255 0.166625 -0.087000 0.039216 0.529412 0.749020
0.384143 0.168639 -0.086000 0.047059 0.529412 0.749020
0.384143 0.170654 -0.086000 0.050980 0.541176 0.768627
0.384255 0.172678 -0.087000 0.035294 0.545098 0.772549
0.384255 0.174695 -0.087000 0.050980 0.552941 0.780392
0.384255 0.176713 -0.087000 0.043137 0.552941 0.780392
0.384032 0.178697 -0.085000 0.039216 0.549020 0.776471
0.383920 0.180690 -0.084000 0.027451 0.541176 0.756863
0.383920 0.182699 -0.084000 0.047059 0.549020 0.768627
0.383920 0.184709 -0.084000 0.043137 0.545098 0.764706
0.384143 0.186774 -0.086000 0.058824 0.560784 0.788235
0.384143 0.190804 -0.086000 0.050980 0.560784 0.788235
0.383214 0.129867 -0.096000 0.078431 0.129412 0.113725
0.382671 0.132139 -0.091000 0.000000 0.129412 0.219608
0.382454 0.134255 -0.089000 0.137255 0.505882 0.666667
0.382454 0.136278 -0.089000 0.011765 0.454902 0.639216
0.382454 0.138301 -0.089000 0.000000 0.400000 0.603922
0.382454 0.140324 -0.089000 0.000000 0.423529 0.647059
0.382345 0.142380 -0.088000 0.000000 0.474510 0.694118
0.382237 0.144430 -0.087000 0.019608 0.509804 0.729412
0.382237 0.146447 -0.087000 0.015686 0.505882 0.725490
0.382128 0.148489 -0.086000 0.003922 0.486275 0.705882
0.382128 0.150504 -0.086000 0.023529 0.486275 0.709804
0.382020 0.152538 -0.085000 0.003922 0.458824 0.682353
0.382020 0.154550 -0.085000 0.000000 0.403922 0.627451
0.382237 0.156536 -0.087000 0.000000 0.447059 0.666667
0.382345 0.158543 -0.088000 0.000000 0.482353 0.701961
0.382345 0.160564 -0.088000 0.015686 0.505882 0.725490
0.382237 0.162589 -0.087000 0.039216 0.521569 0.741176
0.382128 0.164609 -0.086000 0.007843 0.470588 0.694118
0.382020 0.166624 -0.085000 0.019608 0.474510 0.698039
0.381911 0.168633 -0.084000 0.000000 0.443137 0.666667
0.381911 0.170642 -0.084000 0.000000 0.419608 0.643137
0.382128 0.172669 -0.086000 0.000000 0.450980 0.670588
0.382454 0.174718 -0.089000 0.003922 0.498039 0.725490
0.382345 0.176727 -0.088000 0.019608 0.521569 0.749020
0.382128 0.178714 -0.086000 0.003922 0.505882 0.725490
0.381911 0.180690 -0.084000 0.023529 0.517647 0.737255
0.381911 0.182699 -0.084000 0.019608 0.509804 0.729412
0.381911 0.184709 -0.084000 0.027451 0.490196 0.713725
0.382237 0.186802 -0.087000 0.011765 0.474510 0.698039
0.382128 0.188789 -0.086000 0.019608 0.498039 0.729412
0.382128 0.190804 -0.086000 0.031373 0.521569 0.741176
0.381066 0.129916 -0.095000 0.078431 0.117647 0.105882
0.380749 0.132093 -0.092000 0.000000 0.156863 0.258824
0.380537 0.134211 -0.090000 0.117647 0.443137 0.592157
0.380537 0.136237 -0.090000 0.000000 0.333333 0.517647
0.380537 0.138263 -0.090000 0.192157 0.576471 0.776471
0.380431 0.140324 -0.089000 0.082353 0.494118 0.713725
0.380325 0.142380 -0.088000 0.121569 0.537255 0.764706
0.380219 0.144430 -0.087000 0.031373 0.513725 0.729412
0.380219 0.146447 -0.087000 0.023529 0.490196 0.705882
0.380219 0.148465 -0.087000 0.011765 0.439216 0.658824
0.380113 0.150504 -0.086000 0.000000 0.411765 0.631373
0.380007 0.152538 -0.085000 0.000000 0.329412 0.541176
0.379901 0.154566 -0.084000 0.192157 0.592157 0.815686
0.379901 0.156576 -0.084000 0.101961 0.509804 0.737255
0.380113 0.158564 -0.086000 0.113725 0.560784 0.784314
0.380219 0.160571 -0.087000 0.031373 0.505882 0.725490
0.380219 0.162589 -0.087000 0.015686 0.470588 0.694118
0.380219 0.164607 -0.087000 0.000000 0.427451 0.647059
0.379901 0.166623 -0.084000 0.000000 0.403922 0.615686
0.379796 0.168630 -0.083000 0.000000 0.341176 0.552941
0.379690 0.170631 -0.082000 0.164706 0.576471 0.796078
0.379901 0.172652 -0.084000 0.117647 0.545098 0.768627
0.380219 0.174695 -0.087000 0.090196 0.564706 0.784314
0.380325 0.176727 -0.088000 0.019608 0.501961 0.721569
0.380219 0.178731 -0.087000 0.015686 0.490196 0.709804
0.380007 0.180709 -0.085000 0.011765 0.470588 0.686275
0.379901 0.182699 -0.084000 0.000000 0.431373 0.650980
0.379130 0.129867 -0.096000 0.094118 0.125490 0.113725
0.378820 0.132047 -0.093000 0.000000 0.160784 0.262745
0.378511 0.134211 -0.090000 0.094118 0.411765 0.560784
0.378511 0.136237 -0.090000 0.200000 0.572549 0.756863
0.378511 0.138263 -0.090000 0.000000 0.384314 0.584314
0.378408 0.140324 -0.089000 0.000000 0.384314 0.596078
0.378201 0.142412 -0.087000 0.000000 0.356863 0.580392
0.378098 0.144459 -0.086000 0.133333 0.592157 0.800000
0.378098 0.146474 -0.086000 0.003922 0.470588 0.678431
0.378201 0.148465 -0.087000 0.000000 0.400000 0.611765
0.377995 0.150526 -0.085000 0.000000 0.368627 0.580392
0.377892 0.152557 -0.084000 0.235294 0.615686 0.831373
0.377789 0.154582 -0.083000 0.000000 0.376471 0.592157
0.377686 0.156602 -0.082000 0.000000 0.364706 0.588235
0.377995 0.158575 -0.085000 0.000000 0.313725 0.537255
0.378098 0.160579 -0.086000 0.137255 0.588235 0.803922
0.378305 0.162584 -0.088000 0.000000 0.447059 0.662745
0.378201 0.164607 -0.087000 0.000000 0.415686 0.627451
0.378098 0.166624 -0.086000 0.000000 0.345098 0.560784
0.377995 0.180709 -0.085000 0.003922 0.415686 0.627451
0.377995 0.182722 -0.085000 0.000000 0.345098 0.556863
0.377892 0.184709 -0.084000 0.184314 0.580392 0.792157
0.376887 0.129965 -0.094000 0.082353 0.121569 0.109804
0.376585 0.132139 -0.091000 0.000000 0.184314 0.286275
0.376284 0.134298 -0.088000 0.050980 0.403922 0.560784
0.376284 0.136318 -0.088000 0.211765 0.592157 0.776471
0.376284 0.138339 -0.088000 0.000000 0.309804 0.509804
0.376385 0.140324 -0.089000 0.039216 0.309804 0.533333
0.376284 0.142380 -0.088000 0.000000 0.207843 0.443137
0.376284 0.144400 -0.088000 0.184314 0.596078 0.815686
0.376184 0.146447 -0.087000 0.023529 0.482353 0.698039
0.376184 0.148465 -0.087000 0.003922 0.431373 0.643137
0.375983 0.150526 -0.085000 0.000000 0.364706 0.588235
0.375983 0.152538 -0.085000 0.278431 0.627451 0.843137
0.375882 0.154566 -0.084000 0.000000 0.309804 0.529412
0.375882 0.156576 -0.084000 0.050980 0.333333 0.564706
0.375983 0.158575 -0.085000 0.000000 0.200000 0.439216
0.375983 0.160587 -0.085000 0.176471 0.603922 0.823529
0.376284 0.162584 -0.088000 0.015686 0.490196 0.705882
0.376284 0.164605 -0.088000 0.000000 0.423529 0.643137
0.376284 0.166625 -0.088000 0.000000 0.376471 0.596078
0.376184 0.168642 -0.087000 0.200000 0.592157 0.803922
0.376083 0.170654 -0.086000 0.000000 0.341176 0.556863
0.376184 0.172678 -0.087000 0.039216 0.313725 0.549020
0.375983 0.180709 -0.085000 0.000000 0.411765 0.623529
0.375983 0.182722 -0.085000 0.000000 0.364706 0.576471
0.374850 0.129965 -0.094000 0.090196 0.129412 0.125490
0.374654 0.132093 -0.092000 0.000000 0.196078 0.294118
0.374361 0.134255 -0.089000 0.121569 0.494118 0.647059
0.374361 0.136278 -0.089000 0.031373 0.431373 0.619608
0.374264 0.138339 -0.088000 0.090196 0.466667 0.674510
0.374459 0.140289 -0.090000 0.000000 0.184314 0.419608
0.374361 0.142347 -0.089000 0.000000 0.180392 0.419608
0.374361 0.144370 -0.089000 0.109804 0.607843 0.819608
0.374264 0.146421 -0.088000 0.027451 0.533333 0.745098
0.374166 0.148465 -0.087000 0.035294 0.494118 0.709804
0.373971 0.150526 -0.085000 0.000000 0.450980 0.666667
0.373873 0.152557 -0.084000 0.152941 0.572549 0.792157
0.373971 0.154550 -0.085000 0.000000 0.282353 0.505882
0.374068 0.156549 -0.086000 0.000000 0.176471 0.411765
0.374264 0.158543 -0.088000 0.000000 0.258824 0.498039
0.374068 0.160579 -0.086000 0.098039 0.600000 0.819608
0.374264 0.162584 -0.088000 0.023529 0.525490 0.745098
0.374264 0.164605 -0.088000 0.011765 0.466667 0.690196
0.374264 0.166625 -0.088000 0.000000 0.443137 0.666667
0.374264 0.168645 -0.088000 0.113725 0.549020 0.768627
0.374264 0.170666 -0.088000 0.000000 0.235294 0.450980
0.374264 0.172686 -0.088000 0.000000 0.188235 0.423529
0.373971 0.180709 -0.085000 0.000000 0.450980 0.666667
0.372908 0.129916 -0.095000 0.094118 0.121569 0.129412
0.372623 0.132093 -0.092000 0.000000 0.160784 0.278431
0.372338 0.134255 -0.089000 0.152941 0.525490 0.709804
0.372243 0.136318 -0.088000 0.023529 0.505882 0.725490
0.372243 0.138339 -0.088000 0.047059 0.541176 0.760784
0.372433 0.140289 -0.090000 0.090196 0.596078 0.800000
0.372433 0.142315 -0.090000 0.086275 0.603922 0.803922
0.372433 0.144341 -0.090000 0.035294 0.580392 0.780392
0.372338 0.146394 -0.089000 0.031373 0.564706 0.764706
0.372338 0.148417 -0.089000 0.031373 0.541176 0.737255
0.372148 0.150483 -0.087000 0.015686 0.517647 0.713725
0.372148 0.152501 -0.087000 0.000000 0.498039 0.694118
0.372243 0.154502 -0.088000 0.050980 0.560784 0.756863
0.372338 0.156510 -0.089000 0.105882 0.611765 0.815686
0.372243 0.158543 -0.088000 0.066667 0.592157 0.819608
0.372148 0.160571 -0.087000 0.023529 0.572549 0.800000
0.372148 0.162589 -0.087000 0.023529 0.560784 0.784314
0.372243 0.164605 -0.088000 0.019608 0.521569 0.741176
0.372243 0.166625 -0.088000 0.007843 0.498039 0.717647
0.372338 0.168649 -0.089000 0.007843 0.501961 0.721569
0.372243 0.170666 -0.088000 0.101961 0.560784 0.776471
0.372243 0.172686 -0.088000 0.184314 0.537255 0.768627
0.372053 0.174684 -0.086000 0.164706 0.603922 0.827451
0.372053 0.180729 -0.086000 0.023529 0.505882 0.725490
0.370961 0.131909 -0.096000 0.058824 0.247059 0.349020
0.370776 0.134038 -0.094000 0.321569 0.662745 0.811765
0.370592 0.136156 -0.092000 0.145098 0.611765 0.819608
0.370592 0.138188 -0.092000 0.137255 0.619608 0.835294
0.370592 0.140219 -0.092000 0.129412 0.627451 0.839216
0.370592 0.142250 -0.092000 0.141176 0.635294 0.854902
0.370499 0.144311 -0.091000 0.156863 0.639216 0.854902
0.370407 0.146367 -0.090000 0.172549 0.639216 0.847059
0.370499 0.148369 -0.091000 0.152941 0.631373 0.835294
0.370407 0.150419 -0.090000 0.149020 0.623529 0.839216
0.370407 0.152444 -0.090000 0.129412 0.611765 0.827451
0.370407 0.154470 -0.090000 0.129412 0.619608 0.835294
0.370592 0.156470 -0.092000 0.125490 0.627451 0.847059
0.370684 0.158491 -0.093000 0.109804 0.623529 0.839216
0.370592 0.160533 -0.092000 0.113725 0.627451 0.843137
0.370499 0.162569 -0.091000 0.109804 0.611765 0.831373
0.370407 0.164600 -0.090000 0.145098 0.619608 0.835294
0.370407 0.166626 -0.090000 0.156863 0.623529 0.831373
0.370499 0.168655 -0.091000 0.066667 0.541176 0.760784
0.370407 0.170678 -0.090000 0.078431 0.560784 0.780392
0.370407 0.172704 -0.090000 0.082353 0.580392 0.784314
0.370315 0.174718 -0.089000 0.070588 0.576471 0.788235
0.370499 0.176769 -0.091000 0.043137 0.572549 0.788235
0.370407 0.178781 -0.090000 0.043137 0.556863 0.772549
0.369008 0.133908 -0.097000 0.043137 0.113725 0.133333
0.368918 0.135994 -0.096000 0.039216 0.109804 0.141176
0.368829 0.138074 -0.095000 0.035294 0.105882 0.137255
0.368829 0.140114 -0.095000 0.043137 0.121569 0.152941
0.368739 0.142186 -0.094000 0.054902 0.125490 0.149020
0.368739 0.144222 -0.094000 0.027451 0.125490 0.141176
0.368650 0.146286 -0.093000 0.035294 0.133333 0.149020
0.368918 0.148248 -0.096000 0.035294 0.133333 0.149020
0.368918 0.150290 -0.096000 0.027451 0.133333 0.149020
0.369008 0.152314 -0.097000 0.011765 0.117647 0.133333
0.368918 0.154375 -0.096000 0.031373 0.117647 0.141176
0.369008 0.158449 -0.097000 0.035294 0.113725 0.145098
0.368918 0.162544 -0.096000 0.027451 0.113725 0.137255
0.368918 0.164586 -0.096000 0.031373 0.129412 0.149020
0.368918 0.166628 -0.096000 0.145098 0.454902 0.545098
0.368829 0.170707 -0.095000 0.168627 0.482353 0.603922
0.368829 0.172747 -0.095000 0.223529 0.533333 0.643137
0.340480 0.146125 -0.099000 0.074510 0.105882 0.078431
0.340480 0.148175 -0.099000 0.082353 0.113725 0.086275
0.340480 0.183033 -0.099000 0.090196 0.121569 0.094118
0.338284 0.135994 -0.096000 0.011765 0.062745 0.003922
0.338284 0.138036 -0.096000 0.019608 0.074510 0.003922
0.338187 0.140149 -0.094000 0.019608 0.082353 0.007843
0.338187 0.142186 -0.094000 0.027451 0.090196 0.015686
0.338187 0.144222 -0.094000 0.019608 0.094118 0.015686
0.338187 0.146259 -0.094000 0.027451 0.090196 0.019608
0.338236 0.148272 -0.095000 0.031373 0.094118 0.023529
0.338333 0.150269 -0.097000 0.031373 0.090196 0.031373
0.338430 0.152276 -0.099000 0.027451 0.086275 0.035294
0.338430 0.156377 -0.099000 0.035294 0.094118 0.043137
0.338381 0.158438 -0.098000 0.043137 0.098039 0.054902
0.338333 0.160494 -0.097000 0.043137 0.101961 0.043137
0.338284 0.162544 -0.096000 0.050980 0.101961 0.050980
0.338381 0.164581 -0.098000 0.047059 0.094118 0.050980
0.338430 0.168680 -0.099000 0.050980 0.098039 0.054902
0.338333 0.170719 -0.097000 0.043137 0.090196 0.054902
0.338284 0.172755 -0.096000 0.043137 0.098039 0.054902
0.338333 0.174809 -0.097000 0.043137 0.098039 0.054902
0.338381 0.176868 -0.098000 0.039216 0.094118 0.050980
0.338430 0.178932 -0.099000 0.039216 0.094118 0.050980
0.338333 0.180944 -0.097000 0.039216 0.098039 0.047059
0.338236 0.182944 -0.095000 0.054902 0.105882 0.047059
0.338284 0.185009 -0.096000 0.050980 0.098039 0.062745
0.338236 0.187023 -0.095000 0.058824 0.105882 0.070588
0.338187 0.189033 -0.094000 0.066667 0.113725 0.070588
0.336196 0.131955 -0.095000 0.635294 0.760784 0.447059
0.336150 0.134038 -0.094000 0.568627 0.725490 0.352941
0.336059 0.136156 -0.092000 0.564706 0.717647 0.360784
0.336059 0.138188 -0.092000 0.549020 0.658824 0.423529
0.336013 0.140254 -0.091000 0.525490 0.643137 0.400000
0.335967 0.142315 -0.090000 0.564706 0.686275 0.431373
0.335921 0.144370 -0.089000 0.545098 0.662745 0.419608
0.335967 0.146367 -0.090000 0.545098 0.662745 0.427451
0.336013 0.148369 -0.091000 0.545098 0.654902 0.411765
0.336104 0.150354 -0.093000 0.549020 0.662745 0.407843
0.336196 0.152351 -0.095000 0.533333 0.639216 0.411765
0.336150 0.154407 -0.094000 0.533333 0.639216 0.411765
0.336104 0.156457 -0.093000 0.533333 0.639216 0.411765
0.336059 0.158501 -0.092000 0.529412 0.635294 0.407843
0.336059 0.160533 -0.092000 0.521569 0.627451 0.400000
0.336059 0.162564 -0.092000 0.458824 0.556863 0.337255
0.336150 0.164591 -0.094000 0.498039 0.592157 0.380392
0.336150 0.166627 -0.094000 0.466667 0.560784 0.356863
0.336104 0.168661 -0.093000 0.454902 0.556863 0.352941
0.336013 0.170683 -0.091000 0.450980 0.549020 0.360784
0.335921 0.172695 -0.089000 0.407843 0.509804 0.305882
0.336013 0.174741 -0.091000 0.407843 0.521569 0.305882
0.336059 0.176783 -0.092000 0.384314 0.482353 0.286275
0.336196 0.178865 -0.095000 0.400000 0.501961 0.298039
0.336104 0.180866 -0.093000 0.360784 0.462745 0.250980
0.336013 0.182855 -0.091000 0.368627 0.470588 0.266667
0.336013 0.184884 -0.091000 0.349020 0.439216 0.250980
0.335967 0.186885 -0.090000 0.349020 0.435294 0.254902
0.335967 0.188911 -0.090000 0.019608 0.117647 0.000000
0.335967 0.190937 -0.090000 0.031373 0.117647 0.000000
0.334286 0.129770 -0.098000 0.035294 0.094118 0.035294
0.334113 0.132001 -0.094000 0.545098 0.686275 0.345098
0.334027 0.134125 -0.092000 0.423529 0.588235 0.200000
0.333941 0.136237 -0.090000 0.380392 0.545098 0.160784
0.333941 0.138263 -0.090000 0.423529 0.584314 0.211765
0.333941 0.140289 -0.090000 0.509804 0.674510 0.290196
0.333898 0.142347 -0.089000 0.560784 0.737255 0.298039
0.333898 0.144370 -0.089000 0.545098 0.725490 0.270588
0.333898 0.146394 -0.089000 0.541176 0.709804 0.282353
0.333984 0.148369 -0.091000 0.541176 0.713725 0.290196
0.334070 0.150354 -0.093000 0.501961 0.674510 0.250980
0.334070 0.152388 -0.093000 0.419608 0.596078 0.192157
0.333984 0.154454 -0.091000 0.458824 0.635294 0.231373
0.333855 0.156523 -0.088000 0.537255 0.717647 0.301961
0.333855 0.158543 -0.088000 0.584314 0.756863 0.317647
0.333898 0.160556 -0.089000 0.572549 0.745098 0.301961
0.333984 0.162569 -0.091000 0.560784 0.733333 0.290196
0.334027 0.164595 -0.092000 0.545098 0.713725 0.290196
0.334027 0.166627 -0.092000 0.521569 0.686275 0.274510
0.333941 0.168652 -0.090000 0.419608 0.580392 0.196078
0.333898 0.170672 -0.089000 0.505882 0.674510 0.270588
0.333855 0.172686 -0.088000 0.572549 0.745098 0.321569
0.333898 0.174718 -0.089000 0.600000 0.780392 0.309804
0.333941 0.176755 -0.090000 0.592157 0.768627 0.309804
0.334027 0.178815 -0.092000 0.572549 0.745098 0.301961
0.334027 0.180846 -0.092000 0.552941 0.725490 0.301961
0.333941 0.182833 -0.090000 0.513725 0.682353 0.282353
0.333855 0.184809 -0.088000 0.490196 0.647059 0.278431
0.333855 0.186829 -0.088000 0.513725 0.670588 0.298039
0.333898 0.188880 -0.089000 0.615686 0.768627 0.411765
0.332278 0.129721 -0.099000 0.039216 0.101961 0.031373
0.332036 0.132047 -0.093000 0.443137 0.592157 0.258824
0.331955 0.134168 -0.091000 0.364706 0.545098 0.168627
0.331875 0.136278 -0.089000 0.603922 0.776471 0.392157
0.331875 0.138301 -0.089000 0.600000 0.776471 0.376471
0.331915 0.140289 -0.090000 0.611765 0.780392 0.376471
0.331875 0.142347 -0.089000 0.545098 0.717647 0.294118
0.331875 0.144370 -0.089000 0.525490 0.694118 0.270588
0.331915 0.146367 -0.090000 0.466667 0.639216 0.215686
0.331955 0.148369 -0.091000 0.450980 0.623529 0.200000
0.331996 0.150376 -0.092000 0.360784 0.541176 0.125490
0.331915 0.152444 -0.090000 0.596078 0.784314 0.376471
0.331875 0.154486 -0.089000 0.580392 0.768627 0.352941
0.331794 0.156536 -0.087000 0.588235 0.768627 0.345098
0.331794 0.158554 -0.087000 0.552941 0.725490 0.301961
0.331834 0.160564 -0.088000 0.494118 0.662745 0.235294
0.331915 0.162574 -0.090000 0.490196 0.658824 0.235294
0.331955 0.164598 -0.091000 0.415686 0.584314 0.160784
0.331955 0.166626 -0.091000 0.352941 0.521569 0.117647
0.331875 0.168649 -0.089000 0.584314 0.760784 0.356863
0.331834 0.170666 -0.088000 0.600000 0.780392 0.356863
0.331834 0.172686 -0.088000 0.592157 0.772549 0.349020
0.331875 0.174718 -0.089000 0.545098 0.721569 0.282353
0.331875 0.176741 -0.089000 0.509804 0.686275 0.247059
0.331915 0.178781 -0.090000 0.498039 0.670588 0.247059
0.331915 0.180807 -0.090000 0.450980 0.619608 0.215686
0.331834 0.182789 -0.088000 0.415686 0.588235 0.200000
0.331794 0.184784 -0.087000 0.588235 0.760784 0.372549
0.331754 0.186774 -0.086000 0.576471 0.752941 0.352941
0.331834 0.188850 -0.088000 0.549020 0.729412 0.305882
0.331915 0.190937 -0.090000 0.560784 0.745098 0.313725
0.330228 0.129721 -0.099000 0.043137 0.105882 0.035294
0.330002 0.132047 -0.093000 0.431373 0.580392 0.247059
0.329927 0.134168 -0.091000 0.619608 0.796078 0.435294
0.329889 0.136237 -0.090000 0.376471 0.564706 0.188235
0.329927 0.138225 -0.091000 0.392157 0.580392 0.196078
0.329964 0.140219 -0.092000 0.298039 0.474510 0.074510
0.329927 0.142283 -0.091000 0.635294 0.807843 0.384314
0.329964 0.144282 -0.092000 0.513725 0.694118 0.235294
0.329964 0.146313 -0.092000 0.439216 0.615686 0.184314
0.330002 0.148320 -0.093000 0.360784 0.545098 0.113725
0.330002 0.150354 -0.093000 0.619608 0.811765 0.411765
0.329927 0.152426 -0.091000 0.349020 0.552941 0.145098
0.329889 0.154470 -0.090000 0.376471 0.576471 0.184314
0.329852 0.156510 -0.089000 0.309804 0.501961 0.101961
0.329852 0.158533 -0.089000 0.627451 0.807843 0.384314
0.329852 0.160556 -0.089000 0.486275 0.662745 0.223529
0.329889 0.162574 -0.090000 0.447059 0.627451 0.203922
0.329927 0.164598 -0.091000 0.356863 0.537255 0.121569
0.329927 0.166626 -0.091000 0.639216 0.823529 0.431373
0.329889 0.168652 -0.090000 0.368627 0.560784 0.160784
0.329852 0.170672 -0.089000 0.364706 0.556863 0.156863
0.329852 0.172695 -0.089000 0.411765 0.600000 0.192157
0.329852 0.174718 -0.089000 0.576471 0.760784 0.329412
0.329889 0.176755 -0.090000 0.505882 0.690196 0.258824
0.329927 0.178798 -0.091000 0.439216 0.619608 0.196078
0.329927 0.180827 -0.091000 0.364706 0.541176 0.137255
0.329889 0.182833 -0.090000 0.639216 0.823529 0.431373
0.329776 0.184784 -0.087000 0.392157 0.576471 0.184314
0.329739 0.186774 -0.086000 0.364706 0.541176 0.141176
0.329776 0.188819 -0.087000 0.635294 0.823529 0.407843
0.329964 0.191003 -0.092000 0.615686 0.796078 0.372549
0.330115 0.193178 -0.096000 0.690196 0.839216 0.505882
0.328177 0.129721 -0.099000 0.019608 0.078431 0.019608
0.328003 0.132001 -0.094000 0.447059 0.596078 0.254902
0.327898 0.134168 -0.091000 0.635294 0.811765 0.443137
0.327863 0.136237 -0.090000 0.219608 0.407843 0.031373
0.327898 0.138225 -0.091000 0.286275 0.466667 0.117647
0.327933 0.140219 -0.092000 0.164706 0.329412 0.000000
0.327933 0.142250 -0.092000 0.654902 0.827451 0.403922
0.327933 0.144282 -0.092000 0.560784 0.741176 0.262745
0.327968 0.146286 -0.093000 0.466667 0.647059 0.200000
0.327933 0.148344 -0.092000 0.396078 0.580392 0.141176
0.327933 0.150376 -0.092000 0.627451 0.819608 0.427451
0.327933 0.152407 -0.092000 0.294118 0.486275 0.094118
0.327898 0.154454 -0.091000 0.286275 0.466667 0.117647
0.327898 0.156483 -0.091000 0.160784 0.333333 0.000000
0.327863 0.158522 -0.090000 0.658824 0.831373 0.415686
0.327863 0.160548 -0.090000 0.533333 0.713725 0.266667
0.327828 0.162579 -0.089000 0.466667 0.643137 0.211765
0.327863 0.164600 -0.090000 0.419608 0.592157 0.168627
0.327863 0.166626 -0.090000 0.513725 0.690196 0.329412
0.327863 0.168652 -0.090000 0.305882 0.494118 0.109804
0.327828 0.170672 -0.089000 0.278431 0.462745 0.101961
0.327828 0.172695 -0.089000 0.203922 0.380392 0.011765
0.327828 0.174718 -0.089000 0.654902 0.835294 0.411765
0.327863 0.176755 -0.090000 0.505882 0.682353 0.243137
0.327898 0.178798 -0.091000 0.458824 0.643137 0.211765
0.327863 0.180807 -0.090000 0.384314 0.564706 0.149020
0.327793 0.182789 -0.088000 0.439216 0.619608 0.243137
0.327759 0.184784 -0.087000 0.384314 0.572549 0.188235
0.327759 0.186802 -0.087000 0.360784 0.541176 0.164706
0.327793 0.188850 -0.088000 0.419608 0.600000 0.223529
0.327898 0.190970 -0.091000 0.650980 0.839216 0.431373
0.328073 0.193178 -0.096000 0.709804 0.850980 0.541176
0.326127 0.129721 -0.099000 0.015686 0.078431 0.007843
0.325966 0.132001 -0.094000 0.537255 0.698039 0.309804
0.325870 0.134168 -0.091000 0.537255 0.725490 0.270588
0.325870 0.136197 -0.091000 0.407843 0.584314 0.184314
0.325902 0.138188 -0.092000 0.156863 0.313725 0.000000
0.325902 0.140219 -0.092000 0.352941 0.517647 0.117647
0.325870 0.142283 -0.091000 0.662745 0.854902 0.337255
0.325870 0.144311 -0.091000 0.600000 0.792157 0.266667
0.325870 0.146340 -0.091000 0.560784 0.745098 0.250980
0.325870 0.148369 -0.091000 0.474510 0.654902 0.176471
0.325902 0.150376 -0.092000 0.631373 0.823529 0.360784
0.325934 0.152388 -0.093000 0.188235 0.368627 0.000000
0.325934 0.154422 -0.093000 0.152941 0.313725 0.000000
0.325902 0.156470 -0.092000 0.482353 0.650980 0.250980
0.325870 0.158512 -0.091000 0.650980 0.835294 0.341176
0.325837 0.160548 -0.090000 0.588235 0.772549 0.278431
0.325837 0.162574 -0.090000 0.533333 0.717647 0.247059
0.325870 0.164598 -0.091000 0.443137 0.623529 0.145098
0.325870 0.166626 -0.091000 0.635294 0.811765 0.372549
0.325870 0.168655 -0.091000 0.172549 0.345098 0.000000
0.325837 0.170678 -0.090000 0.145098 0.298039 0.000000
0.325837 0.172704 -0.090000 0.552941 0.721569 0.317647
0.325837 0.174729 -0.090000 0.639216 0.823529 0.337255
0.325837 0.176755 -0.090000 0.568627 0.752941 0.258824
0.325870 0.178798 -0.091000 0.537255 0.721569 0.235294
0.325837 0.180807 -0.090000 0.439216 0.611765 0.188235
0.325805 0.182811 -0.089000 0.490196 0.674510 0.282353
0.325773 0.184809 -0.088000 0.188235 0.364706 0.003922
0.325741 0.186802 -0.087000 0.176471 0.337255 0.003922
0.325773 0.188850 -0.088000 0.592157 0.772549 0.396078
0.325870 0.190970 -0.091000 0.674510 0.850980 0.447059
0.325998 0.193142 -0.095000 0.725490 0.866667 0.556863
0.324047 0.129770 -0.098000 0.007843 0.082353 0.003922
0.323929 0.132001 -0.094000 0.596078 0.760784 0.360784
0.323870 0.134125 -0.092000 0.580392 0.764706 0.286275
0.323811 0.136237 -0.090000 0.623529 0.807843 0.329412
0.323841 0.138225 -0.091000 0.670588 0.850980 0.380392
0.323841 0.140254 -0.091000 0.674510 0.858824 0.364706
0.323841 0.142283 -0.091000 0.650980 0.835294 0.309804
0.323811 0.144341 -0.090000 0.627451 0.811765 0.286275
0.323811 0.146367 -0.090000 0.607843 0.792157 0.266667
0.323811 0.148393 -0.090000 0.600000 0.788235 0.278431
0.323841 0.150397 -0.091000 0.596078 0.784314 0.282353
0.323870 0.152407 -0.092000 0.639216 0.819608 0.341176
0.323870 0.154438 -0.092000 0.670588 0.847059 0.392157
0.323841 0.156483 -0.091000 0.662745 0.839216 0.380392
0.323841 0.158512 -0.091000 0.639216 0.831373 0.313725
0.323841 0.160540 -0.091000 0.607843 0.796078 0.286275
0.323870 0.162564 -0.092000 0.592157 0.772549 0.294118
0.323900 0.164593 -0.093000 0.596078 0.780392 0.294118
0.323870 0.166627 -0.092000 0.592157 0.772549 0.294118
0.323841 0.168655 -0.091000 0.650980 0.823529 0.380392
0.323841 0.170683 -0.091000 0.674510 0.847059 0.403922
0.323841 0.172712 -0.091000 0.647059 0.827451 0.349020
0.323841 0.174741 -0.091000 0.635294 0.823529 0.321569
0.323841 0.176769 -0.091000 0.611765 0.796078 0.309804
0.323811 0.178781 -0.090000 0.576471 0.760784 0.274510
0.323811 0.180807 -0.090000 0.549020 0.729412 0.250980
0.323782 0.182811 -0.089000 0.623529 0.807843 0.337255
0.323782 0.184834 -0.089000 0.596078 0.776471 0.329412
0.323753 0.186829 -0.088000 0.643137 0.815686 0.376471
0.323782 0.188880 -0.089000 0.678431 0.862745 0.384314
0.323870 0.191003 -0.092000 0.650980 0.835294 0.356863
0.324018 0.193214 -0.097000 0.733333 0.878431 0.560784
0.321999 0.129770 -0.098000 0.003922 0.078431 0.000000
0.321892 0.132001 -0.094000 0.631373 0.796078 0.392157
0.321839 0.134125 -0.092000 0.619608 0.800000 0.321569
0.321786 0.136237 -0.090000 0.627451 0.807843 0.329412
0.321812 0.138225 -0.091000 0.631373 0.819608 0.317647
0.321786 0.140289 -0.090000 0.635294 0.823529 0.321569
0.321812 0.142283 -0.091000 0.643137 0.823529 0.309804
0.321812 0.144311 -0.091000 0.639216 0.823529 0.298039
0.321839 0.146313 -0.092000 0.635294 0.815686 0.301961
0.321812 0.148369 -0.091000 0.627451 0.807843 0.294118
0.321839 0.150376 -0.092000 0.611765 0.796078 0.301961
0.321866 0.152388 -0.093000 0.623529 0.807843 0.321569
0.321866 0.154422 -0.093000 0.631373 0.815686 0.329412
0.321866 0.156457 -0.093000 0.631373 0.811765 0.333333
0.321839 0.158501 -0.092000 0.619608 0.803922 0.317647
0.321839 0.160533 -0.092000 0.678431 0.862745 0.368627
0.321866 0.162559 -0.093000 0.600000 0.784314 0.290196
0.321866 0.164593 -0.093000 0.607843 0.792157 0.305882
0.321866 0.166627 -0.093000 0.615686 0.796078 0.317647
0.321812 0.168655 -0.091000 0.639216 0.811765 0.329412
0.321812 0.170683 -0.091000 0.639216 0.815686 0.321569
0.321812 0.172712 -0.091000 0.643137 0.819608 0.325490
0.321812 0.174741 -0.091000 0.639216 0.815686 0.317647
0.321812 0.176769 -0.091000 0.631373 0.807843 0.309804
0.321812 0.178798 -0.091000 0.623529 0.807843 0.321569
0.321839 0.180846 -0.092000 0.611765 0.792157 0.313725
0.321786 0.182833 -0.090000 0.615686 0.796078 0.317647
0.321786 0.184859 -0.090000 0.635294 0.815686 0.337255
0.321732 0.186829 -0.088000 0.647059 0.831373 0.345098
0.321759 0.188880 -0.089000 0.650980 0.839216 0.345098
0.321839 0.191003 -0.092000 0.650980 0.835294 0.349020
0.319928 0.129818 -0.097000 0.298039 0.419608 0.160784
0.319832 0.132047 -0.093000 0.607843 0.764706 0.352941
0.319808 0.134125 -0.092000 0.584314 0.764706 0.286275
0.319760 0.136237 -0.090000 0.600000 0.780392 0.301961
0.319784 0.138225 -0.091000 0.596078 0.780392 0.294118
0.319736 0.140324 -0.089000 0.596078 0.780392 0.286275
0.319784 0.142283 -0.091000 0.619608 0.807843 0.305882
0.319784 0.144311 -0.091000 0.607843 0.796078 0.286275
0.319808 0.146313 -0.092000 0.592157 0.780392 0.270588
0.319808 0.148344 -0.092000 0.588235 0.776471 0.266667
0.319808 0.150376 -0.092000 0.607843 0.792157 0.305882
0.319832 0.152388 -0.093000 0.596078 0.776471 0.298039
0.319832 0.154422 -0.093000 0.588235 0.768627 0.290196
0.319832 0.156457 -0.093000 0.611765 0.792157 0.313725
0.319832 0.158491 -0.093000 0.623529 0.803922 0.325490
0.319832 0.160525 -0.093000 0.603922 0.788235 0.301961
0.319856 0.162554 -0.094000 0.494118 0.678431 0.192157
0.319880 0.164588 -0.095000 0.588235 0.768627 0.290196
0.319856 0.166627 -0.094000 0.600000 0.780392 0.301961
0.319784 0.168655 -0.091000 0.607843 0.788235 0.309804
0.319760 0.170678 -0.090000 0.603922 0.788235 0.301961
0.319760 0.172704 -0.090000 0.615686 0.800000 0.313725
0.319784 0.174741 -0.091000 0.631373 0.807843 0.313725
0.319808 0.176783 -0.092000 0.627451 0.803922 0.309804
0.319808 0.178815 -0.092000 0.615686 0.800000 0.313725
0.319784 0.180827 -0.091000 0.615686 0.796078 0.317647
0.319736 0.182811 -0.089000 0.623529 0.803922 0.325490
0.319736 0.184834 -0.089000 0.643137 0.823529 0.345098
0.319688 0.186802 -0.087000 0.639216 0.819608 0.349020
0.319712 0.188850 -0.088000 0.635294 0.815686 0.337255
0.319784 0.190970 -0.091000 0.631373 0.811765 0.341176
0.317904 0.129770 -0.098000 0.321569 0.435294 0.176471
0.317819 0.132001 -0.094000 0.564706 0.725490 0.341176
0.317798 0.134082 -0.093000 0.443137 0.631373 0.184314
0.317755 0.136197 -0.091000 0.392157 0.576471 0.145098
0.317776 0.138188 -0.092000 0.458824 0.639216 0.184314
0.317734 0.140289 -0.090000 0.545098 0.725490 0.266667
0.317755 0.142283 -0.091000 0.576471 0.756863 0.278431
0.317755 0.144311 -0.091000 0.576471 0.756863 0.278431
0.317776 0.146313 -0.092000 0.529412 0.709804 0.231373
0.317798 0.148320 -0.093000 0.521569 0.701961 0.231373
0.317798 0.150354 -0.093000 0.435294 0.623529 0.168627
0.317798 0.152388 -0.093000 0.396078 0.584314 0.137255
0.317798 0.154422 -0.093000 0.474510 0.670588 0.223529
0.317798 0.156457 -0.093000 0.541176 0.729412 0.282353
0.317819 0.158480 -0.094000 0.572549 0.752941 0.298039
0.317798 0.160525 -0.093000 0.549020 0.725490 0.266667
0.317819 0.162554 -0.094000 0.541176 0.717647 0.258824
0.317798 0.164593 -0.093000 0.521569 0.698039 0.243137
0.317819 0.166627 -0.094000 0.470588 0.650980 0.196078
0.317755 0.168655 -0.091000 0.431373 0.619608 0.164706
0.317755 0.170683 -0.091000 0.509804 0.690196 0.231373
0.317713 0.172695 -0.089000 0.580392 0.760784 0.301961
0.317755 0.174741 -0.091000 0.603922 0.788235 0.301961
0.317798 0.176798 -0.093000 0.588235 0.768627 0.290196
0.317798 0.178832 -0.093000 0.576471 0.756863 0.278431
0.317776 0.180846 -0.092000 0.584314 0.764706 0.294118
0.317755 0.182855 -0.091000 0.529412 0.705882 0.247059
0.317691 0.184809 -0.088000 0.529412 0.705882 0.250980
0.317713 0.186857 -0.089000 0.568627 0.745098 0.290196
0.317691 0.188850 -0.088000 0.607843 0.792157 0.321569
0.317819 0.191069 -0.094000 0.623529 0.800000 0.341176
0.315837 0.129818 -0.097000 0.360784 0.466667 0.247059
0.315782 0.132001 -0.094000 0.443137 0.592157 0.258824
0.315763 0.134082 -0.093000 0.388235 0.568627 0.145098
0.315745 0.136156 -0.092000 0.627451 0.815686 0.392157
0.315745 0.138188 -0.092000 0.407843 0.600000 0.168627
0.315745 0.140219 -0.092000 0.623529 0.807843 0.368627
0.315726 0.142283 -0.091000 0.576471 0.756863 0.298039
0.315726 0.144311 -0.091000 0.517647 0.701961 0.231373
0.315726 0.146340 -0.091000 0.470588 0.650980 0.192157
0.315763 0.148320 -0.093000 0.411765 0.592157 0.137255
0.315782 0.150333 -0.094000 0.521569 0.713725 0.282353
0.315782 0.152370 -0.094000 0.552941 0.741176 0.317647
0.315763 0.154422 -0.093000 0.462745 0.662745 0.231373
0.315763 0.156457 -0.093000 0.619608 0.811765 0.380392
0.315763 0.158491 -0.093000 0.560784 0.741176 0.294118
0.315763 0.160525 -0.093000 0.513725 0.686275 0.243137
0.315763 0.162559 -0.093000 0.478431 0.654902 0.200000
0.315745 0.164595 -0.092000 0.376471 0.556863 0.109804
0.315782 0.166627 -0.094000 0.431373 0.615686 0.184314
0.315763 0.168661 -0.093000 0.513725 0.705882 0.274510
0.315726 0.170683 -0.091000 0.517647 0.705882 0.258824
0.315708 0.172704 -0.090000 0.572549 0.760784 0.313725
0.315745 0.174752 -0.092000 0.568627 0.745098 0.286275
0.315763 0.176798 -0.093000 0.545098 0.721569 0.262745
0.315763 0.178832 -0.093000 0.521569 0.698039 0.243137
0.315745 0.180846 -0.092000 0.400000 0.576471 0.137255
0.315726 0.182855 -0.091000 0.447059 0.627451 0.203922
0.315689 0.184834 -0.089000 0.607843 0.788235 0.364706
0.315708 0.186885 -0.090000 0.623529 0.800000 0.368627
0.315708 0.188911 -0.090000 0.584314 0.772549 0.317647
0.315800 0.191103 -0.095000 0.596078 0.772549 0.317647
0.313792 0.129818 -0.097000 0.380392 0.498039 0.266667
0.313745 0.132001 -0.094000 0.415686 0.572549 0.200000
0.313745 0.134038 -0.094000 0.635294 0.815686 0.439216
0.313729 0.136116 -0.093000 0.384314 0.580392 0.172549
0.313714 0.138188 -0.092000 0.396078 0.588235 0.188235
0.313698 0.140254 -0.091000 0.254902 0.439216 0.039216
0.313714 0.142250 -0.092000 0.635294 0.823529 0.368627
0.313682 0.144341 -0.090000 0.521569 0.705882 0.227451
0.313698 0.146340 -0.091000 0.454902 0.643137 0.196078
0.313729 0.148320 -0.093000 0.396078 0.580392 0.149020
0.313745 0.150333 -0.094000 0.627451 0.819608 0.427451
0.313745 0.152370 -0.094000 0.368627 0.572549 0.164706
0.313729 0.154422 -0.093000 0.372549 0.572549 0.172549
0.313714 0.156470 -0.092000 0.270588 0.454902 0.062745
0.313714 0.158501 -0.092000 0.627451 0.815686 0.360784
0.313698 0.160540 -0.091000 0.494118 0.678431 0.207843
0.313698 0.162569 -0.091000 0.454902 0.631373 0.192157
0.313698 0.164598 -0.091000 0.400000 0.572549 0.149020
0.313714 0.166627 -0.092000 0.537255 0.725490 0.301961
0.313714 0.168658 -0.092000 0.392157 0.580392 0.172549
0.313714 0.170689 -0.092000 0.372549 0.560784 0.137255
0.313698 0.172712 -0.091000 0.607843 0.792157 0.360784
0.313729 0.174763 -0.093000 0.552941 0.733333 0.278431
0.313745 0.176812 -0.094000 0.505882 0.678431 0.235294
0.313745 0.178848 -0.094000 0.466667 0.639216 0.196078
0.313729 0.180866 -0.093000 0.368627 0.549020 0.125490
0.313729 0.182900 -0.093000 0.639216 0.819608 0.396078
0.313682 0.184859 -0.090000 0.400000 0.588235 0.172549
0.313682 0.186885 -0.090000 0.380392 0.560784 0.137255
0.313682 0.188911 -0.090000 0.631373 0.823529 0.392157
0.313761 0.191103 -0.095000 0.631373 0.803922 0.364706
0.311734 0.129867 -0.096000 0.376471 0.498039 0.243137
0.311695 0.132047 -0.093000 0.443137 0.603922 0.219608
0.311695 0.134082 -0.093000 0.631373 0.815686 0.423529
0.311682 0.136156 -0.092000 0.180392 0.372549 0.000000
0.311682 0.138188 -0.092000 0.192157 0.368627 0.047059
0.311669 0.140254 -0.091000 0.129412 0.298039 0.000000
0.311682 0.142250 -0.092000 0.678431 0.858824 0.400000
0.311669 0.144311 -0.091000 0.568627 0.756863 0.270588
0.311682 0.146313 -0.092000 0.490196 0.670588 0.211765
0.311695 0.148320 -0.093000 0.431373 0.611765 0.164706
0.311695 0.150354 -0.093000 0.639216 0.819608 0.443137
0.311695 0.152388 -0.093000 0.211765 0.396078 0.027451
0.311695 0.154422 -0.093000 0.200000 0.376471 0.047059
0.311695 0.156457 -0.093000 0.172549 0.345098 0.000000
0.311682 0.158501 -0.092000 0.678431 0.858824 0.403922
0.311669 0.160540 -0.091000 0.537255 0.721569 0.243137
0.311682 0.162564 -0.092000 0.486275 0.666667 0.219608
0.311682 0.164595 -0.092000 0.450980 0.627451 0.196078
0.311695 0.166627 -0.093000 0.439216 0.627451 0.219608
0.311695 0.168661 -0.093000 0.341176 0.517647 0.156863
0.311669 0.170683 -0.091000 0.274510 0.443137 0.109804
0.311669 0.172712 -0.091000 0.317647 0.490196 0.105882
0.311682 0.174752 -0.092000 0.623529 0.807843 0.337255
0.311708 0.176812 -0.094000 0.521569 0.701961 0.243137
0.311695 0.178832 -0.093000 0.454902 0.631373 0.192157
0.311695 0.180866 -0.093000 0.403922 0.584314 0.160784
0.311682 0.182878 -0.092000 0.368627 0.552941 0.152941
0.311669 0.184884 -0.091000 0.360784 0.545098 0.145098
0.311656 0.186885 -0.090000 0.282353 0.454902 0.105882
0.311656 0.188911 -0.090000 0.529412 0.721569 0.321569
0.311695 0.191036 -0.093000 0.650980 0.839216 0.415686
0.311761 0.193250 -0.098000 0.639216 0.831373 0.568627
0.309713 0.129770 -0.098000 0.392157 0.513725 0.254902
0.309682 0.131955 -0.095000 0.552941 0.717647 0.305882
0.309671 0.134038 -0.094000 0.556863 0.752941 0.270588
0.309651 0.136156 -0.092000 0.568627 0.760784 0.329412
0.309661 0.138150 -0.093000 0.207843 0.388235 0.000000
0.309640 0.140254 -0.091000 0.666667 0.847059 0.392157
0.309640 0.142283 -0.091000 0.658824 0.850980 0.325490
0.309640 0.144311 -0.091000 0.603922 0.800000 0.258824
0.309661 0.146286 -0.093000 0.568627 0.760784 0.243137
0.309671 0.148296 -0.094000 0.545098 0.729412 0.235294
0.309661 0.150354 -0.093000 0.607843 0.803922 0.309804
0.309661 0.152388 -0.093000 0.400000 0.588235 0.133333
0.309661 0.154422 -0.093000 0.192157 0.372549 0.000000
0.309661 0.156457 -0.093000 0.682353 0.866667 0.427451
0.309651 0.158501 -0.092000 0.639216 0.831373 0.329412
0.309640 0.160540 -0.091000 0.584314 0.772549 0.278431
0.309640 0.162569 -0.091000 0.545098 0.729412 0.258824
0.309640 0.164598 -0.091000 0.501961 0.686275 0.207843
0.309651 0.166627 -0.092000 0.619608 0.807843 0.352941
0.309651 0.168658 -0.092000 0.172549 0.341176 0.000000
0.309651 0.170689 -0.092000 0.176471 0.337255 0.007843
0.309651 0.172721 -0.092000 0.619608 0.792157 0.376471
0.309671 0.174775 -0.094000 0.639216 0.823529 0.345098
0.309671 0.176812 -0.094000 0.572549 0.756863 0.278431
0.309671 0.178848 -0.094000 0.537255 0.717647 0.247059
0.309661 0.180866 -0.093000 0.505882 0.686275 0.239216
0.309651 0.182878 -0.092000 0.454902 0.635294 0.219608
0.309640 0.184884 -0.091000 0.180392 0.349020 0.000000
0.309630 0.186885 -0.090000 0.184314 0.349020 0.000000
0.309640 0.188941 -0.091000 0.678431 0.866667 0.450980
0.309661 0.191036 -0.093000 0.635294 0.827451 0.388235
0.309692 0.193178 -0.096000 0.643137 0.835294 0.572549
0.307673 0.129721 -0.099000 0.388235 0.521569 0.258824
0.307657 0.131863 -0.097000 0.611765 0.776471 0.372549
0.307650 0.133952 -0.096000 0.564706 0.776471 0.294118
0.307642 0.136035 -0.095000 0.584314 0.792157 0.329412
0.307642 0.138074 -0.095000 0.627451 0.835294 0.372549
0.307627 0.140184 -0.093000 0.627451 0.839216 0.356863
0.307627 0.142218 -0.093000 0.654902 0.831373 0.305882
0.307627 0.144252 -0.093000 0.627451 0.811765 0.278431
0.307642 0.146232 -0.095000 0.588235 0.788235 0.286275
0.307642 0.148272 -0.095000 0.588235 0.776471 0.282353
0.307635 0.150333 -0.094000 0.572549 0.788235 0.290196
0.307635 0.152370 -0.094000 0.627451 0.811765 0.333333
0.307627 0.154422 -0.093000 0.631373 0.839216 0.380392
0.307627 0.156457 -0.093000 0.627451 0.839216 0.356863
0.307627 0.158491 -0.093000 0.619608 0.831373 0.345098
0.307627 0.160525 -0.093000 0.592157 0.803922 0.321569
0.307627 0.162559 -0.093000 0.572549 0.776471 0.294118
0.307627 0.164593 -0.093000 0.564706 0.776471 0.290196
0.307635 0.166627 -0.094000 0.568627 0.780392 0.298039
0.307627 0.168661 -0.093000 0.623529 0.831373 0.360784
0.307635 0.170701 -0.094000 0.639216 0.850980 0.368627
0.307627 0.172729 -0.093000 0.627451 0.839216 0.356863
0.307635 0.174775 -0.094000 0.596078 0.815686 0.301961
0.307635 0.176812 -0.094000 0.572549 0.780392 0.278431
0.307635 0.178848 -0.094000 0.568627 0.772549 0.286275
0.307635 0.180885 -0.094000 0.556863 0.760784 0.278431
0.307635 0.182922 -0.094000 0.556863 0.760784 0.278431
0.307635 0.184959 -0.094000 0.627451 0.823529 0.376471
0.307627 0.186968 -0.093000 0.670588 0.854902 0.423529
0.307635 0.189033 -0.094000 0.647059 0.854902 0.384314
0.307642 0.191103 -0.095000 0.643137 0.835294 0.364706
0.307665 0.193250 -0.098000 0.639216 0.823529 0.572549
0.305627 0.133779 -0.100000 0.631373 0.749020 0.564706
0.305622 0.135872 -0.099000 0.650980 0.772549 0.572549
0.305627 0.137885 -0.100000 0.654902 0.780392 0.572549
0.305617 0.140008 -0.098000 0.560784 0.784314 0.560784
0.305612 0.142089 -0.097000 0.572549 0.800000 0.592157
0.305608 0.144163 -0.096000 0.568627 0.796078 0.596078
0.305617 0.146152 -0.098000 0.572549 0.792157 0.584314
0.305617 0.148199 -0.098000 0.576471 0.784314 0.592157
0.305617 0.150247 -0.098000 0.568627 0.780392 0.580392
0.305612 0.152314 -0.097000 0.603922 0.807843 0.596078
0.305603 0.154391 -0.095000 0.619608 0.819608 0.596078
0.305608 0.156417 -0.096000 0.607843 0.827451 0.596078
0.305612 0.158449 -0.097000 0.596078 0.823529 0.584314
0.305617 0.160486 -0.098000 0.588235 0.815686 0.576471
0.305612 0.162539 -0.097000 0.592157 0.803922 0.564706
0.305612 0.164584 -0.097000 0.654902 0.850980 0.403922
0.305612 0.166629 -0.097000 0.650980 0.850980 0.388235
0.305612 0.168674 -0.097000 0.654902 0.862745 0.392157
0.305617 0.170725 -0.098000 0.666667 0.866667 0.403922
0.305622 0.172781 -0.099000 0.662745 0.862745 0.400000
0.305627 0.174843 -0.100000 0.658824 0.858824 0.388235
0.305617 0.176868 -0.098000 0.650980 0.850980 0.380392
0.305617 0.178916 -0.098000 0.658824 0.850980 0.388235
0.305612 0.180944 -0.097000 0.650980 0.847059 0.392157
0.305617 0.183011 -0.098000 0.654902 0.850980 0.403922
0.305617 0.185059 -0.098000 0.670588 0.854902 0.423529
0.305617 0.187107 -0.098000 0.690196 0.874510 0.443137
0.305617 0.189154 -0.098000 0.678431 0.874510 0.419608
0.305622 0.191235 -0.099000 0.698039 0.874510 0.443137
0.303578 0.143985 -0.102000 0.078431 0.172549 0.094118
0.303578 0.146044 -0.102000 0.082353 0.176471 0.098039
0.303578 0.148103 -0.102000 0.094118 0.176471 0.090196
0.303578 0.152220 -0.102000 0.125490 0.180392 0.105882
0.303576 0.154295 -0.101000 0.105882 0.160784 0.086275
0.303578 0.156337 -0.102000 0.074510 0.164706 0.086275
0.303578 0.166631 -0.102000 0.050980 0.149020 0.058824
0.303576 0.168686 -0.101000 0.050980 0.149020 0.058824
0.303578 0.170748 -0.102000 0.070588 0.145098 0.054902
0.303578 0.176924 -0.102000 0.070588 0.168627 0.074510
0.303574 0.178949 -0.100000 0.070588 0.168627 0.066667
0.303574 0.181002 -0.100000 0.082353 0.176471 0.082353
0.303578 0.183100 -0.102000 0.082353 0.176471 0.082353
0.303578 0.187217 -0.102000 0.078431 0.172549 0.078431
0.303578 0.189276 -0.102000 0.082353 0.172549 0.086275
