0.358707 0.195220 -0.096000 0.000000 0.027451 0.168627
0.358707 0.197263 -0.096000 0.000000 0.015686 0.141176
0.358707 0.199305 -0.096000 0.000000 0.031373 0.129412
0.358707 0.201347 -0.096000 0.003922 0.031373 0.113725
0.358783 0.203439 -0.097000 0.000000 0.027451 0.109804
0.358707 0.205432 -0.096000 0.003922 0.023529 0.101961
0.358783 0.207529 -0.097000 0.000000 0.023529 0.090196
0.358707 0.209516 -0.096000 0.047059 0.066667 0.090196
0.358859 0.211679 -0.098000 0.050980 0.074510 0.082353
0.358859 0.213727 -0.098000 0.039216 0.066667 0.074510
0.356226 0.190937 -0.090000 0.043137 0.164706 0.486275
0.356226 0.192963 -0.090000 0.039216 0.176471 0.494118
0.356226 0.194988 -0.090000 0.047059 0.188235 0.494118
0.356299 0.197056 -0.091000 0.054902 0.172549 0.474510
0.356226 0.199040 -0.090000 0.058824 0.164706 0.458824
0.356299 0.201113 -0.091000 0.043137 0.149020 0.443137
0.356372 0.203191 -0.092000 0.062745 0.168627 0.462745
0.356445 0.205275 -0.093000 0.066667 0.172549 0.466667
0.356518 0.207364 -0.094000 0.047059 0.164706 0.466667
0.356445 0.209343 -0.093000 0.003922 0.117647 0.419608
0.356518 0.211438 -0.094000 0.023529 0.086275 0.384314
0.356518 0.213474 -0.094000 0.003922 0.062745 0.321569
0.356592 0.215577 -0.095000 0.000000 0.058824 0.286275
0.356665 0.217685 -0.096000 0.000000 0.019608 0.231373
0.356592 0.219656 -0.095000 0.000000 0.027451 0.196078
0.356592 0.221696 -0.095000 0.000000 0.039216 0.188235
0.356518 0.223659 -0.094000 0.000000 0.027451 0.168627
0.356592 0.225775 -0.095000 0.000000 0.031373 0.156863
0.356518 0.227732 -0.094000 0.000000 0.019608 0.156863
0.356518 0.229769 -0.094000 0.000000 0.023529 0.145098
0.356445 0.231718 -0.093000 0.000000 0.035294 0.152941
0.356445 0.233752 -0.093000 0.000000 0.043137 0.149020
0.356592 0.235973 -0.095000 0.007843 0.039216 0.137255
0.356665 0.238108 -0.096000 0.015686 0.043137 0.133333
0.356592 0.240052 -0.095000 0.043137 0.074510 0.141176
0.356592 0.242091 -0.095000 0.047059 0.090196 0.149020
0.354130 0.188880 -0.089000 0.113725 0.223529 0.533333
0.354059 0.190870 -0.088000 0.098039 0.211765 0.529412
0.353989 0.192855 -0.087000 0.050980 0.164706 0.482353
0.353989 0.194873 -0.087000 0.027451 0.141176 0.458824
0.354130 0.196973 -0.089000 0.003922 0.113725 0.423529
0.354130 0.198996 -0.089000 0.007843 0.109804 0.415686
0.354200 0.201066 -0.090000 0.000000 0.101961 0.407843
0.354200 0.203092 -0.090000 0.000000 0.058824 0.364706
0.354200 0.205118 -0.090000 0.000000 0.094118 0.403922
0.354200 0.207144 -0.090000 0.027451 0.156863 0.478431
0.354059 0.209054 -0.088000 0.019608 0.145098 0.486275
0.354130 0.211135 -0.089000 0.027451 0.145098 0.478431
0.354059 0.213095 -0.088000 0.023529 0.125490 0.431373
0.354200 0.215247 -0.090000 0.027451 0.121569 0.427451
0.354270 0.217342 -0.091000 0.031373 0.129412 0.423529
0.354200 0.219299 -0.090000 0.027451 0.129412 0.407843
0.354270 0.221399 -0.091000 0.039216 0.145098 0.439216
0.354200 0.223351 -0.090000 0.043137 0.172549 0.490196
0.354200 0.225377 -0.090000 0.047059 0.180392 0.521569
0.354130 0.227321 -0.089000 0.047059 0.176471 0.498039
0.354059 0.229259 -0.088000 0.039216 0.152941 0.470588
0.354059 0.231279 -0.088000 0.031373 0.129412 0.423529
0.354130 0.233390 -0.089000 0.054902 0.156863 0.435294
0.354270 0.235600 -0.091000 0.050980 0.152941 0.431373
0.354270 0.237628 -0.091000 0.082353 0.184314 0.462745
0.354270 0.239657 -0.091000 0.082353 0.203922 0.466667
0.354270 0.241686 -0.091000 0.074510 0.196078 0.450980
0.354341 0.243818 -0.092000 0.090196 0.207843 0.454902
0.352174 0.188911 -0.090000 0.000000 0.066667 0.376471
0.352106 0.190903 -0.089000 0.000000 0.082353 0.392157
0.352039 0.192891 -0.088000 0.011765 0.152941 0.458824
0.352039 0.194911 -0.088000 0.015686 0.121569 0.454902
0.352106 0.196973 -0.089000 0.003922 0.105882 0.415686
0.352174 0.199040 -0.090000 0.000000 0.094118 0.400000
0.352242 0.201113 -0.091000 0.000000 0.062745 0.356863
0.352242 0.203142 -0.091000 0.121569 0.219608 0.513725
0.352174 0.205118 -0.090000 0.082353 0.184314 0.490196
0.352106 0.207089 -0.089000 0.043137 0.152941 0.462745
0.352039 0.209054 -0.088000 0.086275 0.180392 0.525490
0.352039 0.211075 -0.088000 0.023529 0.125490 0.443137
0.352039 0.213095 -0.088000 0.000000 0.101961 0.407843
0.352039 0.215116 -0.088000 0.000000 0.098039 0.403922
0.352242 0.217342 -0.091000 0.000000 0.082353 0.376471
0.352242 0.219371 -0.091000 0.000000 0.074510 0.368627
0.352242 0.221399 -0.091000 0.086275 0.188235 0.494118
0.352174 0.223351 -0.090000 0.062745 0.176471 0.486275
0.352106 0.225297 -0.089000 0.054902 0.164706 0.474510
0.352039 0.227238 -0.088000 0.035294 0.149020 0.450980
0.351971 0.229174 -0.087000 0.011765 0.113725 0.419608
0.351971 0.231191 -0.087000 0.011765 0.109804 0.403922
0.352039 0.233300 -0.088000 0.000000 0.082353 0.376471
0.352106 0.235413 -0.089000 0.000000 0.050980 0.356863
0.352106 0.237436 -0.089000 0.015686 0.117647 0.423529
0.352106 0.239460 -0.089000 0.047059 0.168627 0.486275
0.352106 0.241483 -0.089000 0.047059 0.160784 0.509804
0.352174 0.243610 -0.090000 0.023529 0.172549 0.533333
0.352445 0.246064 -0.094000 0.031373 0.141176 0.419608
0.350213 0.190970 -0.091000 0.031373 0.082353 0.298039
0.350148 0.192963 -0.090000 0.000000 0.011765 0.317647
0.350213 0.195027 -0.091000 0.058824 0.200000 0.545098
0.350278 0.197097 -0.092000 0.000000 0.098039 0.423529
0.350343 0.199173 -0.093000 0.000000 0.098039 0.415686
0.350408 0.201253 -0.094000 0.000000 0.062745 0.372549
0.350343 0.203241 -0.093000 0.117647 0.231373 0.549020
0.350148 0.205118 -0.090000 0.000000 0.094118 0.388235
0.350083 0.207089 -0.089000 0.000000 0.070588 0.376471
0.350083 0.209112 -0.089000 0.000000 0.101961 0.435294
0.350083 0.211135 -0.089000 0.027451 0.121569 0.466667
0.350083 0.213158 -0.089000 0.000000 0.078431 0.384314
0.349953 0.215050 -0.087000 0.000000 0.078431 0.384314
0.350018 0.217136 -0.088000 0.023529 0.105882 0.388235
0.350083 0.219228 -0.089000 0.035294 0.149020 0.458824
0.350213 0.221399 -0.091000 0.000000 0.062745 0.356863
0.350148 0.223351 -0.090000 0.000000 0.058824 0.364706
0.350083 0.225297 -0.089000 0.047059 0.149020 0.454902
0.350018 0.227238 -0.088000 0.003922 0.117647 0.419608
0.349953 0.229174 -0.087000 0.000000 0.101961 0.407843
0.350083 0.231367 -0.089000 0.000000 0.082353 0.388235
0.350148 0.233481 -0.090000 0.000000 0.050980 0.345098
0.350213 0.235600 -0.091000 0.121569 0.215686 0.521569
0.350148 0.237532 -0.090000 0.000000 0.062745 0.368627
0.350018 0.239361 -0.088000 0.000000 0.070588 0.403922
0.349953 0.241280 -0.087000 0.062745 0.200000 0.556863
0.349953 0.243298 -0.087000 0.027451 0.176471 0.537255
0.350278 0.245850 -0.092000 0.000000 0.117647 0.384314
0.348620 0.127722 -0.098000 0.070588 0.054902 0.000000
0.348558 0.129818 -0.097000 0.066667 0.031373 0.000000
0.348558 0.131863 -0.097000 0.078431 0.027451 0.000000
0.348496 0.133952 -0.096000 0.074510 0.019608 0.000000
0.348558 0.135953 -0.097000 0.074510 0.019608 0.000000
0.348558 0.137998 -0.097000 0.074510 0.019608 0.000000
0.348496 0.140079 -0.096000 0.074510 0.019608 0.000000
0.348371 0.142186 -0.094000 0.074510 0.019608 0.000000
0.348433 0.144193 -0.095000 0.086275 0.039216 0.000000
0.348558 0.146179 -0.097000 0.070588 0.019608 0.000000
0.348682 0.148175 -0.099000 0.054902 0.047059 0.007843
0.348620 0.150247 -0.098000 0.078431 0.070588 0.031373
0.348620 0.152295 -0.098000 0.062745 0.066667 0.019608
0.348558 0.154359 -0.097000 0.047059 0.066667 0.011765
0.348185 0.192998 -0.091000 0.054902 0.168627 0.486275
0.348185 0.195027 -0.091000 0.043137 0.188235 0.549020
0.348247 0.197097 -0.092000 0.027451 0.145098 0.486275
0.348371 0.199217 -0.094000 0.000000 0.105882 0.439216
0.348185 0.205170 -0.091000 0.023529 0.058824 0.266667
0.348122 0.207144 -0.090000 0.011765 0.050980 0.250980
0.348122 0.209170 -0.090000 0.000000 0.058824 0.368627
0.348122 0.211196 -0.090000 0.019608 0.168627 0.513725
0.348122 0.213222 -0.090000 0.000000 0.101961 0.419608
0.347873 0.214984 -0.086000 0.000000 0.062745 0.372549
0.347936 0.217067 -0.087000 0.090196 0.188235 0.513725
0.347936 0.219085 -0.087000 0.000000 0.027451 0.352941
0.348185 0.221399 -0.091000 0.011765 0.074510 0.317647
0.348185 0.223428 -0.091000 0.023529 0.078431 0.282353
0.348122 0.225377 -0.090000 0.000000 0.035294 0.278431
0.348060 0.227321 -0.089000 0.039216 0.180392 0.525490
0.348060 0.229344 -0.089000 0.000000 0.090196 0.407843
0.348060 0.231367 -0.089000 0.000000 0.082353 0.392157
0.348060 0.233390 -0.089000 0.000000 0.066667 0.372549
0.348060 0.235413 -0.089000 0.000000 0.086275 0.376471
0.348060 0.237436 -0.089000 0.000000 0.074510 0.356863
0.348060 0.239460 -0.089000 0.015686 0.078431 0.321569
0.347998 0.241381 -0.088000 0.035294 0.086275 0.384314
0.348122 0.243610 -0.090000 0.023529 0.188235 0.556863
0.348433 0.246170 -0.095000 0.000000 0.090196 0.356863
0.346453 0.127825 -0.096000 0.905882 0.874510 0.603922
0.346334 0.129965 -0.094000 0.921569 0.882353 0.478431
0.346334 0.132001 -0.094000 0.949020 0.901961 0.466667
0.346334 0.134038 -0.094000 1.000000 0.941176 0.509804
0.346334 0.136075 -0.094000 1.000000 0.941176 0.482353
0.346275 0.138150 -0.093000 1.000000 0.968627 0.521569
0.346215 0.140219 -0.092000 1.000000 0.956863 0.521569
0.346096 0.142315 -0.090000 0.976471 0.937255 0.501961
0.346156 0.144311 -0.091000 0.960784 0.913725 0.478431
0.346215 0.146313 -0.092000 0.945098 0.894118 0.470588
0.346394 0.148272 -0.095000 0.819608 0.772549 0.368627
0.346334 0.150333 -0.094000 0.827451 0.776471 0.356863
0.346215 0.152407 -0.092000 0.827451 0.764706 0.317647
0.346156 0.154454 -0.091000 0.819608 0.752941 0.321569
0.346334 0.156443 -0.094000 0.752941 0.682353 0.313725
0.346572 0.158438 -0.098000 0.611765 0.537255 0.294118
0.346215 0.195066 -0.092000 0.023529 0.168627 0.545098
0.346275 0.197138 -0.093000 0.023529 0.160784 0.517647
0.346394 0.199261 -0.095000 0.019608 0.152941 0.498039
0.346275 0.205275 -0.093000 0.000000 0.011765 0.294118
0.346215 0.207254 -0.092000 0.000000 0.003922 0.196078
0.346156 0.209228 -0.091000 0.074510 0.235294 0.588235
0.346156 0.211256 -0.091000 0.015686 0.180392 0.549020
0.346096 0.213222 -0.090000 0.023529 0.164706 0.505882
0.345918 0.215050 -0.087000 0.015686 0.141176 0.474510
0.345918 0.217067 -0.087000 0.000000 0.121569 0.443137
0.345918 0.219085 -0.087000 0.000000 0.070588 0.396078
0.346096 0.221325 -0.090000 0.000000 0.000000 0.207843
0.346156 0.223428 -0.091000 0.000000 0.000000 0.215686
0.346156 0.225457 -0.091000 0.117647 0.172549 0.443137
0.346156 0.227485 -0.091000 0.050980 0.203922 0.556863
0.346156 0.229514 -0.091000 0.011765 0.137255 0.470588
0.346156 0.231542 -0.091000 0.000000 0.094118 0.419608
0.346037 0.233390 -0.089000 0.000000 0.086275 0.396078
0.346037 0.235413 -0.089000 0.000000 0.015686 0.321569
0.346037 0.237436 -0.089000 0.000000 0.031373 0.250980
0.346037 0.239460 -0.089000 0.000000 0.019608 0.235294
0.345977 0.241381 -0.088000 0.050980 0.105882 0.388235
0.346096 0.243610 -0.090000 0.035294 0.207843 0.576471
0.346394 0.246170 -0.095000 0.000000 0.098039 0.372549
0.344524 0.125674 -0.098000 0.082353 0.098039 0.031373
0.344297 0.127928 -0.094000 0.878431 0.854902 0.443137
0.344241 0.130013 -0.093000 0.823529 0.792157 0.243137
0.344241 0.132047 -0.093000 0.776471 0.729412 0.180392
0.344184 0.134125 -0.092000 0.815686 0.772549 0.203922
0.344184 0.136156 -0.092000 0.905882 0.866667 0.282353
0.344127 0.138225 -0.091000 0.933333 0.898039 0.294118
0.344184 0.140219 -0.092000 0.925490 0.890196 0.286275
0.344071 0.142315 -0.090000 0.882353 0.847059 0.247059
0.344071 0.144341 -0.090000 0.870588 0.835294 0.235294
0.344071 0.146367 -0.090000 0.854902 0.835294 0.282353
0.344184 0.148344 -0.092000 0.819608 0.788235 0.239216
0.344184 0.150376 -0.092000 0.803922 0.772549 0.223529
0.344127 0.152426 -0.091000 0.901961 0.870588 0.321569
0.344014 0.154486 -0.089000 0.976471 0.937255 0.352941
0.344184 0.156470 -0.092000 0.980392 0.941176 0.392157
0.344411 0.158459 -0.096000 1.000000 1.000000 0.623529
0.344184 0.197097 -0.092000 0.019608 0.160784 0.505882
0.344241 0.199173 -0.093000 0.019608 0.160784 0.505882
0.344354 0.201300 -0.095000 0.027451 0.168627 0.513725
0.344411 0.203389 -0.096000 0.019608 0.192157 0.529412
0.344184 0.205223 -0.092000 0.039216 0.211765 0.552941
0.344127 0.207199 -0.091000 0.039216 0.207843 0.564706
0.344127 0.209228 -0.091000 0.031373 0.203922 0.576471
0.344127 0.211256 -0.091000 0.015686 0.196078 0.568627
0.344071 0.213222 -0.090000 0.031373 0.184314 0.529412
0.344014 0.215182 -0.089000 0.027451 0.176471 0.521569
0.344014 0.217205 -0.089000 0.015686 0.168627 0.521569
0.344071 0.219299 -0.090000 0.039216 0.200000 0.545098
0.344127 0.221399 -0.091000 0.039216 0.215686 0.568627
0.344127 0.223428 -0.091000 0.047059 0.215686 0.600000
0.344184 0.225536 -0.092000 0.050980 0.227451 0.619608
0.344184 0.227568 -0.092000 0.019608 0.188235 0.580392
0.344241 0.229684 -0.093000 0.015686 0.172549 0.541176
0.344241 0.231718 -0.093000 0.023529 0.160784 0.517647
0.344127 0.233571 -0.091000 0.007843 0.149020 0.494118
0.344071 0.235506 -0.090000 0.035294 0.188235 0.533333
0.344071 0.237532 -0.090000 0.000000 0.117647 0.462745
0.344071 0.239558 -0.090000 0.000000 0.152941 0.509804
0.344071 0.241584 -0.090000 0.050980 0.231373 0.603922
0.344184 0.243818 -0.092000 0.039216 0.219608 0.592157
0.344411 0.246277 -0.096000 0.000000 0.074510 0.368627
0.342261 0.127928 -0.094000 0.823529 0.800000 0.380392
0.342153 0.130062 -0.092000 0.772549 0.733333 0.184314
0.342045 0.132185 -0.090000 1.000000 1.000000 0.458824
0.342099 0.134168 -0.091000 0.913725 0.862745 0.266667
0.342153 0.136156 -0.092000 0.952941 0.901961 0.305882
0.342207 0.138150 -0.093000 1.000000 0.972549 0.368627
0.342207 0.140184 -0.093000 0.941176 0.898039 0.294118
0.342153 0.142250 -0.092000 0.847059 0.811765 0.211765
0.342099 0.144311 -0.091000 0.854902 0.811765 0.211765
0.342045 0.146367 -0.090000 0.792157 0.741176 0.145098
0.342099 0.148369 -0.091000 1.000000 0.996078 0.447059
0.342153 0.150376 -0.092000 1.000000 0.980392 0.392157
0.342153 0.152407 -0.092000 0.992157 0.945098 0.341176
0.342153 0.154438 -0.092000 0.984314 0.949020 0.309804
0.342153 0.156470 -0.092000 0.972549 0.945098 0.305882
0.342315 0.158470 -0.095000 1.000000 1.000000 0.584314
0.342099 0.197056 -0.091000 0.023529 0.164706 0.509804
0.342153 0.199128 -0.092000 0.031373 0.172549 0.513725
0.342207 0.201207 -0.093000 0.050980 0.192157 0.533333
0.342261 0.203290 -0.094000 0.058824 0.200000 0.541176
0.342153 0.205223 -0.092000 0.039216 0.188235 0.529412
0.342099 0.207199 -0.091000 0.031373 0.184314 0.529412
0.342099 0.209228 -0.091000 0.023529 0.168627 0.529412
0.342153 0.211317 -0.092000 0.058824 0.203922 0.572549
0.342099 0.213285 -0.091000 0.031373 0.180392 0.521569
0.342099 0.215313 -0.091000 0.031373 0.180392 0.521569
0.342099 0.217342 -0.091000 0.027451 0.184314 0.552941
0.342099 0.219371 -0.091000 0.023529 0.200000 0.552941
0.342099 0.221399 -0.091000 0.027451 0.207843 0.576471
0.342045 0.223351 -0.090000 0.007843 0.184314 0.576471
0.342099 0.225457 -0.091000 0.011765 0.188235 0.584314
0.342099 0.227485 -0.091000 0.031373 0.184314 0.568627
0.342261 0.229769 -0.094000 0.043137 0.188235 0.564706
0.342315 0.231894 -0.095000 0.035294 0.184314 0.545098
0.342261 0.233843 -0.094000 0.027451 0.180392 0.556863
0.342153 0.235693 -0.092000 0.031373 0.203922 0.576471
0.342045 0.237532 -0.090000 0.023529 0.203922 0.572549
0.341991 0.239460 -0.089000 0.027451 0.215686 0.596078
0.341991 0.241483 -0.089000 0.023529 0.207843 0.600000
0.342045 0.243610 -0.090000 0.043137 0.223529 0.603922
0.342315 0.246170 -0.095000 0.000000 0.078431 0.356863
0.340429 0.125674 -0.098000 0.086275 0.101961 0.031373
0.340224 0.127928 -0.094000 0.839216 0.811765 0.376471
0.340070 0.130111 -0.091000 0.850980 0.807843 0.239216
0.340070 0.132139 -0.091000 0.996078 0.941176 0.360784
0.340070 0.134168 -0.091000 0.917647 0.843137 0.247059
0.340070 0.136197 -0.091000 0.901961 0.839216 0.235294
0.340019 0.138263 -0.090000 1.000000 0.941176 0.313725
0.340121 0.140219 -0.092000 0.980392 0.933333 0.294118
0.340121 0.142250 -0.092000 0.839216 0.800000 0.184314
0.340121 0.144282 -0.092000 0.858824 0.815686 0.211765
0.340019 0.146367 -0.090000 1.000000 0.960784 0.415686
0.340121 0.148344 -0.092000 1.000000 1.000000 0.427451
0.340173 0.150354 -0.093000 0.925490 0.866667 0.231373
0.340224 0.152370 -0.094000 0.909804 0.854902 0.211765
0.340224 0.154407 -0.094000 0.980392 0.933333 0.290196
0.340224 0.156443 -0.094000 1.000000 0.980392 0.341176
0.340326 0.158459 -0.096000 1.000000 1.000000 0.603922
0.340070 0.199084 -0.091000 0.011765 0.125490 0.427451
0.340070 0.201113 -0.091000 0.000000 0.113725 0.415686
0.340070 0.203142 -0.091000 0.070588 0.188235 0.490196
0.340070 0.205170 -0.091000 0.023529 0.141176 0.443137
0.340070 0.207199 -0.091000 0.031373 0.156863 0.458824
0.340121 0.209285 -0.092000 0.007843 0.125490 0.419608
0.340173 0.211377 -0.093000 0.039216 0.160784 0.447059
0.340121 0.213348 -0.092000 0.000000 0.078431 0.333333
0.340121 0.215379 -0.092000 0.035294 0.152941 0.431373
0.340070 0.217342 -0.091000 0.023529 0.145098 0.462745
0.340019 0.219299 -0.090000 0.035294 0.160784 0.501961
0.340070 0.221399 -0.091000 0.027451 0.168627 0.513725
0.340019 0.223351 -0.090000 0.047059 0.184314 0.545098
0.340121 0.225536 -0.092000 0.031373 0.168627 0.525490
0.340070 0.227485 -0.091000 0.035294 0.168627 0.513725
0.340173 0.229684 -0.093000 0.031373 0.164706 0.509804
0.340121 0.231630 -0.092000 0.027451 0.160784 0.505882
0.340121 0.233662 -0.092000 0.043137 0.184314 0.529412
0.340070 0.235600 -0.091000 0.031373 0.200000 0.552941
0.340019 0.237532 -0.090000 0.031373 0.215686 0.572549
0.340019 0.239558 -0.090000 0.019608 0.188235 0.572549
0.339967 0.241483 -0.089000 0.023529 0.200000 0.592157
0.340070 0.243714 -0.091000 0.070588 0.243137 0.584314
0.340275 0.246170 -0.095000 0.000000 0.074510 0.345098
0.338430 0.125620 -0.099000 0.094118 0.109804 0.039216
0.338187 0.127928 -0.094000 0.905882 0.882353 0.431373
0.338090 0.130062 -0.092000 0.878431 0.839216 0.250980
0.338090 0.132093 -0.092000 0.886275 0.827451 0.231373
0.338138 0.134082 -0.093000 0.819608 0.694118 0.117647
0.338090 0.136156 -0.092000 0.823529 0.686275 0.121569
0.338041 0.138225 -0.091000 1.000000 0.980392 0.333333
0.338041 0.140254 -0.091000 1.000000 0.996078 0.349020
0.338090 0.142250 -0.092000 0.909804 0.890196 0.227451
0.338138 0.144252 -0.093000 0.866667 0.831373 0.188235
0.338090 0.146313 -0.092000 1.000000 1.000000 0.415686
0.338138 0.148320 -0.093000 0.992157 0.925490 0.329412
0.338138 0.150354 -0.093000 0.866667 0.796078 0.184314
0.338187 0.152370 -0.094000 0.890196 0.776471 0.184314
0.338284 0.158459 -0.096000 1.000000 1.000000 0.592157
0.338138 0.199173 -0.093000 0.000000 0.105882 0.376471
0.338090 0.201160 -0.092000 0.000000 0.094118 0.364706
0.338090 0.203191 -0.092000 0.000000 0.101961 0.364706
0.338041 0.205170 -0.091000 0.003922 0.113725 0.384314
0.338041 0.207199 -0.091000 0.015686 0.129412 0.392157
0.338041 0.209228 -0.091000 0.039216 0.145098 0.400000
0.338138 0.211377 -0.093000 0.011765 0.109804 0.364706
0.338138 0.213411 -0.093000 0.000000 0.098039 0.352941
0.338138 0.215445 -0.093000 0.007843 0.117647 0.325490
0.338041 0.217342 -0.091000 0.000000 0.090196 0.337255
0.337993 0.219299 -0.090000 0.003922 0.113725 0.384314
0.337993 0.221325 -0.090000 0.027451 0.149020 0.466667
0.337993 0.223351 -0.090000 0.023529 0.133333 0.466667
0.338041 0.225457 -0.091000 0.011765 0.121569 0.454902
0.338041 0.227485 -0.091000 0.011765 0.121569 0.447059
0.338090 0.229599 -0.092000 0.000000 0.090196 0.400000
0.338041 0.231542 -0.091000 0.000000 0.101961 0.411765
0.338090 0.233662 -0.092000 0.000000 0.109804 0.427451
0.338041 0.235600 -0.091000 0.011765 0.145098 0.490196
0.338090 0.237724 -0.092000 0.015686 0.160784 0.517647
0.338041 0.239657 -0.091000 0.019608 0.172549 0.549020
0.337944 0.241483 -0.089000 0.023529 0.188235 0.560784
0.337993 0.243610 -0.090000 0.094118 0.254902 0.572549
0.338138 0.245957 -0.093000 0.000000 0.082353 0.317647
0.336333 0.125674 -0.098000 0.070588 0.090196 0.007843
0.336150 0.127928 -0.094000 0.996078 0.972549 0.498039
0.336104 0.130013 -0.093000 0.952941 0.933333 0.262745
0.336196 0.131955 -0.095000 0.996078 0.964706 0.305882
0.336150 0.134038 -0.094000 0.843137 0.811765 0.156863
0.336150 0.136075 -0.094000 0.905882 0.874510 0.219608
0.336059 0.138188 -0.092000 1.000000 1.000000 0.388235
0.336104 0.140184 -0.093000 1.000000 1.000000 0.333333
0.336104 0.142218 -0.093000 0.984314 0.964706 0.290196
0.336150 0.144222 -0.094000 0.976471 0.956863 0.294118
0.336104 0.146286 -0.093000 0.941176 0.905882 0.262745
0.336150 0.148296 -0.094000 1.000000 0.996078 0.368627
0.336104 0.150354 -0.093000 0.725490 0.658824 0.062745
0.336150 0.152370 -0.094000 0.807843 0.674510 0.098039
0.336288 0.158449 -0.097000 1.000000 1.000000 0.592157
0.336242 0.199305 -0.096000 0.000000 0.070588 0.313725
0.336196 0.201300 -0.095000 0.000000 0.090196 0.301961
0.336104 0.203241 -0.093000 0.000000 0.062745 0.270588
0.336059 0.205223 -0.092000 0.000000 0.011765 0.168627
0.336059 0.207254 -0.092000 0.000000 0.031373 0.196078
0.336013 0.209228 -0.091000 0.000000 0.078431 0.290196
0.336104 0.211377 -0.093000 0.000000 0.047059 0.258824
0.336150 0.213474 -0.094000 0.000000 0.039216 0.250980
0.336196 0.215577 -0.095000 0.000000 0.035294 0.203922
0.336104 0.217479 -0.093000 0.000000 0.043137 0.203922
0.336059 0.219442 -0.092000 0.027451 0.101961 0.298039
0.336059 0.221473 -0.092000 0.000000 0.039216 0.180392
0.336059 0.223505 -0.092000 0.015686 0.090196 0.317647
0.336104 0.225616 -0.093000 0.031373 0.133333 0.411765
0.336104 0.227650 -0.093000 0.015686 0.101961 0.368627
0.336104 0.229684 -0.093000 0.007843 0.074510 0.333333
0.336059 0.231630 -0.092000 0.011765 0.078431 0.305882
0.336059 0.233662 -0.092000 0.000000 0.039216 0.258824
0.336059 0.235693 -0.092000 0.062745 0.168627 0.462745
0.336104 0.237820 -0.093000 0.070588 0.200000 0.521569
0.336059 0.239756 -0.092000 0.062745 0.200000 0.521569
0.336013 0.241686 -0.091000 0.023529 0.176471 0.529412
0.336104 0.243923 -0.093000 0.168627 0.298039 0.584314
0.336288 0.246384 -0.097000 0.027451 0.117647 0.290196
0.334113 0.127928 -0.094000 1.000000 0.996078 0.505882
0.334070 0.130013 -0.093000 0.996078 0.992157 0.294118
0.334113 0.132001 -0.094000 1.000000 1.000000 0.309804
0.334156 0.133995 -0.095000 1.000000 1.000000 0.345098
0.334200 0.135994 -0.096000 1.000000 1.000000 0.345098
0.334156 0.138074 -0.095000 1.000000 1.000000 0.352941
0.334113 0.140149 -0.094000 1.000000 1.000000 0.301961
0.334156 0.142153 -0.095000 1.000000 1.000000 0.305882
0.334200 0.144163 -0.096000 1.000000 0.988235 0.301961
0.334156 0.146232 -0.095000 1.000000 0.996078 0.321569
0.334156 0.148272 -0.095000 1.000000 1.000000 0.325490
0.334113 0.150333 -0.094000 1.000000 1.000000 0.360784
0.334113 0.152370 -0.094000 1.000000 1.000000 0.372549
0.334070 0.154422 -0.093000 1.000000 1.000000 0.325490
0.334243 0.158449 -0.097000 1.000000 1.000000 0.592157
0.334286 0.199393 -0.098000 0.000000 0.070588 0.294118
0.334243 0.201394 -0.097000 0.086275 0.258824 0.462745
0.334070 0.203241 -0.093000 0.039216 0.254902 0.443137
0.333984 0.205170 -0.091000 0.054902 0.258824 0.458824
0.333984 0.207199 -0.091000 0.047059 0.250980 0.450980
0.333941 0.209170 -0.090000 0.058824 0.254902 0.454902
0.334027 0.211317 -0.092000 0.070588 0.250980 0.454902
0.334027 0.213348 -0.092000 0.094118 0.243137 0.447059
0.334113 0.215511 -0.094000 0.101961 0.243137 0.439216
0.334027 0.217411 -0.092000 0.098039 0.235294 0.427451
0.334027 0.219442 -0.092000 0.090196 0.200000 0.368627
0.334027 0.221473 -0.092000 0.098039 0.184314 0.325490
0.334113 0.223659 -0.094000 0.043137 0.125490 0.290196
0.334070 0.225616 -0.093000 0.047059 0.168627 0.392157
0.334070 0.227650 -0.093000 0.000000 0.125490 0.372549
0.333898 0.229344 -0.089000 0.047059 0.109804 0.352941
0.333898 0.231367 -0.089000 0.000000 0.023529 0.243137
0.333898 0.233390 -0.089000 0.141176 0.262745 0.525490
0.333984 0.235600 -0.091000 0.000000 0.101961 0.380392
0.334027 0.237724 -0.092000 0.000000 0.066667 0.360784
0.334027 0.239756 -0.092000 0.000000 0.054902 0.403922
0.334027 0.241787 -0.092000 0.023529 0.168627 0.529412
0.334113 0.244027 -0.094000 0.164706 0.290196 0.552941
0.334286 0.246491 -0.098000 0.043137 0.113725 0.243137
0.332278 0.125620 -0.099000 0.074510 0.090196 0.019608
0.332117 0.127876 -0.095000 1.000000 0.980392 0.498039
0.332036 0.130013 -0.093000 0.988235 0.980392 0.301961
0.332077 0.132001 -0.094000 1.000000 1.000000 0.305882
0.332077 0.134038 -0.094000 1.000000 1.000000 0.317647
0.332117 0.136035 -0.095000 1.000000 1.000000 0.325490
0.332077 0.138112 -0.094000 1.000000 1.000000 0.313725
0.332077 0.140149 -0.094000 1.000000 1.000000 0.305882
0.332077 0.142186 -0.094000 1.000000 0.988235 0.294118
0.332077 0.144222 -0.094000 1.000000 0.988235 0.301961
0.332077 0.146259 -0.094000 1.000000 1.000000 0.313725
0.332077 0.148296 -0.094000 1.000000 1.000000 0.333333
0.332077 0.150333 -0.094000 1.000000 1.000000 0.333333
0.332117 0.152351 -0.095000 1.000000 1.000000 0.337255
0.332157 0.154375 -0.096000 1.000000 1.000000 0.305882
0.332198 0.199349 -0.097000 0.000000 0.070588 0.282353
0.332117 0.201300 -0.095000 0.035294 0.258824 0.447059
0.331955 0.203142 -0.091000 0.023529 0.247059 0.431373
0.331915 0.205118 -0.090000 0.011765 0.250980 0.447059
0.331955 0.207199 -0.091000 0.023529 0.262745 0.458824
0.331955 0.209228 -0.091000 0.019608 0.247059 0.450980
0.331955 0.211256 -0.091000 0.023529 0.250980 0.454902
0.331915 0.213222 -0.090000 0.023529 0.243137 0.447059
0.331955 0.215313 -0.091000 0.023529 0.243137 0.443137
0.331955 0.217342 -0.091000 0.019608 0.239216 0.439216
0.331955 0.219371 -0.091000 0.023529 0.243137 0.447059
0.332036 0.221548 -0.093000 0.027451 0.254902 0.466667
0.332077 0.223659 -0.094000 0.031373 0.247059 0.470588
0.332036 0.225616 -0.093000 0.023529 0.247059 0.470588
0.332036 0.227650 -0.093000 0.027451 0.254902 0.458824
0.331875 0.229344 -0.089000 0.047059 0.258824 0.498039
0.331875 0.231367 -0.089000 0.000000 0.082353 0.325490
0.331875 0.233390 -0.089000 0.043137 0.160784 0.462745
0.331915 0.235506 -0.090000 0.007843 0.074510 0.349020
0.331955 0.237628 -0.091000 0.019608 0.078431 0.298039
0.331915 0.239558 -0.090000 0.000000 0.039216 0.321569
0.332036 0.241888 -0.093000 0.082353 0.215686 0.560784
0.332198 0.244339 -0.097000 0.188235 0.294118 0.556863
0.330190 0.125674 -0.098000 0.090196 0.098039 0.027451
0.330002 0.127979 -0.093000 0.933333 0.909804 0.435294
0.330002 0.130013 -0.093000 0.909804 0.894118 0.239216
0.329964 0.132093 -0.092000 0.941176 0.921569 0.258824
0.330040 0.134038 -0.094000 0.996078 0.980392 0.294118
0.330077 0.136035 -0.095000 1.000000 1.000000 0.305882
0.330077 0.138074 -0.095000 1.000000 0.996078 0.309804
0.330040 0.140149 -0.094000 0.988235 0.968627 0.294118
0.330040 0.142186 -0.094000 0.972549 0.945098 0.274510
0.330040 0.144222 -0.094000 0.960784 0.933333 0.262745
0.330040 0.146259 -0.094000 0.956863 0.937255 0.274510
0.330002 0.148320 -0.093000 1.000000 0.984314 0.321569
0.330002 0.150354 -0.093000 1.000000 1.000000 0.337255
0.330077 0.152351 -0.095000 1.000000 0.980392 0.317647
0.330153 0.154359 -0.097000 1.000000 0.988235 0.301961
0.329964 0.199128 -0.092000 0.113725 0.239216 0.447059
0.329852 0.201019 -0.089000 0.011765 0.243137 0.431373
0.329663 0.202795 -0.084000 0.000000 0.211765 0.407843
0.329588 0.204700 -0.082000 0.000000 0.219608 0.415686
0.329551 0.206649 -0.081000 0.000000 0.227451 0.431373
0.329513 0.208592 -0.080000 0.000000 0.207843 0.419608
0.329588 0.210712 -0.082000 0.000000 0.227451 0.439216
0.329588 0.212716 -0.082000 0.000000 0.223529 0.427451
0.329588 0.214720 -0.082000 0.000000 0.223529 0.427451
0.329663 0.216861 -0.084000 0.023529 0.250980 0.454902
0.329739 0.219014 -0.086000 0.015686 0.243137 0.443137
0.329814 0.221177 -0.088000 0.003922 0.254902 0.450980
0.329814 0.223197 -0.088000 0.015686 0.254902 0.458824
0.329814 0.225218 -0.088000 0.007843 0.247059 0.450980
0.329852 0.227321 -0.089000 0.007843 0.243137 0.447059
0.329739 0.229089 -0.086000 0.027451 0.243137 0.458824
0.329776 0.231191 -0.087000 0.035294 0.243137 0.490196
0.329814 0.233300 -0.088000 0.074510 0.203922 0.482353
0.329889 0.235506 -0.090000 0.000000 0.000000 0.227451
0.329889 0.237532 -0.090000 0.003922 0.047059 0.262745
0.329852 0.239460 -0.089000 0.000000 0.007843 0.294118
0.329889 0.241584 -0.090000 0.027451 0.211765 0.568627
0.330002 0.243923 -0.093000 0.129412 0.282353 0.580392
0.330228 0.246598 -0.099000 0.074510 0.125490 0.239216
0.328073 0.125783 -0.096000 0.156863 0.101961 0.000000
0.327933 0.128031 -0.092000 0.894118 0.843137 0.419608
0.327933 0.130062 -0.092000 0.827451 0.788235 0.203922
0.327968 0.132047 -0.093000 0.807843 0.780392 0.149020
0.328038 0.133995 -0.095000 0.874510 0.839216 0.196078
0.328073 0.135994 -0.096000 0.941176 0.913725 0.243137
0.328073 0.138036 -0.096000 0.972549 0.949020 0.262745
0.328038 0.140114 -0.095000 0.956863 0.929412 0.258824
0.327968 0.142218 -0.093000 0.917647 0.882353 0.223529
0.327968 0.144252 -0.093000 0.901961 0.866667 0.223529
0.327968 0.146286 -0.093000 0.878431 0.843137 0.200000
0.328003 0.148296 -0.094000 0.839216 0.803922 0.160784
0.328003 0.150333 -0.094000 0.878431 0.843137 0.200000
0.328073 0.152332 -0.096000 0.945098 0.921569 0.266667
0.328108 0.154359 -0.097000 0.972549 0.952941 0.282353
0.327863 0.199040 -0.090000 0.062745 0.211765 0.415686
0.327619 0.200738 -0.083000 0.356863 0.701961 0.874510
0.327479 0.202547 -0.079000 0.243137 0.709804 0.890196
0.327410 0.204438 -0.077000 0.203922 0.686275 0.874510
0.327410 0.206429 -0.077000 0.188235 0.666667 0.870588
0.327375 0.208361 -0.076000 0.203922 0.662745 0.870588
0.327410 0.210409 -0.077000 0.152941 0.619608 0.827451
0.327410 0.212400 -0.077000 0.086275 0.525490 0.729412
0.327410 0.214390 -0.077000 0.117647 0.478431 0.678431
0.327479 0.216518 -0.079000 0.094118 0.407843 0.611765
0.327514 0.218585 -0.080000 0.000000 0.239216 0.435294
0.327514 0.220584 -0.080000 0.000000 0.239216 0.435294
0.327479 0.222506 -0.079000 0.000000 0.215686 0.423529
0.327479 0.224501 -0.079000 0.000000 0.203922 0.411765
0.327549 0.226662 -0.081000 0.000000 0.196078 0.419608
0.327584 0.228748 -0.082000 0.000000 0.188235 0.407843
0.327793 0.231279 -0.088000 0.000000 0.200000 0.423529
0.327863 0.233481 -0.090000 0.000000 0.172549 0.505882
0.327898 0.235600 -0.091000 0.000000 0.000000 0.266667
0.327828 0.237436 -0.089000 0.000000 0.000000 0.235294
0.327793 0.239361 -0.088000 0.133333 0.290196 0.596078
0.327863 0.241584 -0.090000 0.027451 0.207843 0.576471
0.327968 0.243923 -0.093000 0.121569 0.282353 0.580392
0.328212 0.246705 -0.100000 0.082353 0.133333 0.247059
0.325966 0.125891 -0.094000 0.133333 0.105882 0.000000
0.325870 0.128082 -0.091000 0.854902 0.811765 0.392157
0.325870 0.130111 -0.091000 0.792157 0.749020 0.180392
0.325870 0.132139 -0.091000 1.000000 1.000000 0.470588
0.325934 0.134082 -0.093000 0.976471 0.929412 0.290196
0.325966 0.136075 -0.094000 0.988235 0.933333 0.290196
0.325966 0.138112 -0.094000 1.000000 0.976471 0.333333
0.325966 0.140149 -0.094000 0.945098 0.898039 0.254902
0.325966 0.142186 -0.094000 0.878431 0.839216 0.200000
0.326030 0.144163 -0.096000 0.874510 0.831373 0.203922
0.325998 0.146232 -0.095000 0.847059 0.796078 0.176471
0.325966 0.148296 -0.094000 1.000000 1.000000 0.427451
0.325934 0.150354 -0.093000 0.949020 0.909804 0.270588
0.325998 0.152351 -0.095000 0.976471 0.937255 0.298039
0.325805 0.198996 -0.089000 0.098039 0.243137 0.419608
0.325516 0.200598 -0.080000 0.239216 0.611765 0.796078
0.325387 0.202398 -0.076000 0.058824 0.541176 0.729412
0.325355 0.204334 -0.075000 0.027451 0.521569 0.725490
0.325355 0.206319 -0.075000 0.082353 0.572549 0.788235
0.325323 0.208246 -0.074000 0.070588 0.623529 0.835294
0.325355 0.210288 -0.075000 0.054902 0.623529 0.835294
0.325323 0.212210 -0.074000 0.074510 0.639216 0.835294
0.325323 0.214192 -0.074000 0.078431 0.631373 0.831373
0.325355 0.216243 -0.075000 0.109804 0.643137 0.839216
0.325387 0.218300 -0.076000 0.121569 0.647059 0.843137
0.325355 0.220213 -0.075000 0.180392 0.682353 0.878431
0.325355 0.222198 -0.075000 0.219608 0.698039 0.898039
0.325323 0.224103 -0.074000 0.172549 0.682353 0.878431
0.325387 0.226250 -0.076000 0.176471 0.682353 0.886275
0.325419 0.228323 -0.077000 0.298039 0.701961 0.909804
0.325612 0.230840 -0.083000 0.494118 0.776471 1.000000
0.325773 0.233300 -0.088000 0.000000 0.172549 0.505882
0.325902 0.235693 -0.092000 0.015686 0.203922 0.584314
0.325870 0.237628 -0.091000 0.019608 0.203922 0.596078
0.325870 0.239657 -0.091000 0.015686 0.207843 0.600000
0.325870 0.241686 -0.091000 0.019608 0.196078 0.588235
0.325934 0.243923 -0.093000 0.121569 0.286275 0.584314
0.326127 0.246598 -0.099000 0.066667 0.129412 0.223529
0.323959 0.125837 -0.095000 0.156863 0.133333 0.000000
0.323900 0.127979 -0.093000 0.858824 0.815686 0.392157
0.323870 0.130062 -0.092000 0.917647 0.862745 0.313725
0.323900 0.132047 -0.093000 0.988235 0.921569 0.356863
0.323929 0.134038 -0.094000 0.917647 0.854902 0.211765
0.323959 0.136035 -0.095000 0.905882 0.839216 0.203922
0.323959 0.142153 -0.095000 0.882353 0.843137 0.200000
0.323959 0.144193 -0.095000 0.866667 0.823529 0.196078
0.323929 0.146259 -0.094000 1.000000 1.000000 0.470588
0.323900 0.150354 -0.093000 0.901961 0.847059 0.203922
0.323988 0.152332 -0.096000 0.905882 0.847059 0.219608
0.323547 0.200645 -0.081000 0.133333 0.486275 0.647059
0.323458 0.202497 -0.078000 0.082353 0.474510 0.674510
0.323429 0.204438 -0.077000 0.000000 0.333333 0.560784
0.323429 0.206429 -0.077000 0.015686 0.450980 0.674510
0.323429 0.208419 -0.077000 0.007843 0.517647 0.745098
0.323429 0.210409 -0.077000 0.035294 0.592157 0.815686
0.323370 0.212273 -0.075000 0.027451 0.588235 0.800000
0.323370 0.214258 -0.075000 0.019608 0.549020 0.764706
0.323340 0.216175 -0.074000 0.023529 0.513725 0.729412
0.323370 0.218228 -0.075000 0.000000 0.423529 0.639216
0.323370 0.220213 -0.075000 0.000000 0.325490 0.549020
0.323340 0.222121 -0.074000 0.000000 0.341176 0.560784
0.323311 0.224024 -0.073000 0.027451 0.556863 0.768627
0.323311 0.226003 -0.073000 0.043137 0.607843 0.831373
0.323370 0.228153 -0.075000 0.047059 0.603922 0.827451
0.323576 0.230752 -0.082000 0.415686 0.752941 0.980392
0.323811 0.233481 -0.090000 0.000000 0.113725 0.427451
0.323988 0.236066 -0.096000 0.058824 0.243137 0.600000
0.323988 0.238108 -0.096000 0.054902 0.235294 0.615686
0.323988 0.240151 -0.096000 0.050980 0.227451 0.619608
0.324018 0.242294 -0.097000 0.082353 0.258824 0.650980
0.324047 0.244443 -0.098000 0.192157 0.317647 0.584314
0.321973 0.125728 -0.097000 0.156863 0.133333 0.000000
0.321946 0.127825 -0.096000 0.890196 0.854902 0.403922
0.321892 0.129965 -0.094000 0.941176 0.894118 0.305882
0.321892 0.132001 -0.094000 0.890196 0.831373 0.235294
0.321892 0.134038 -0.094000 0.866667 0.733333 0.156863
0.321919 0.136035 -0.095000 0.862745 0.717647 0.152941
0.321946 0.138036 -0.096000 1.000000 0.941176 0.290196
0.321919 0.140114 -0.095000 1.000000 1.000000 0.321569
0.321946 0.142121 -0.096000 0.933333 0.909804 0.223529
0.321919 0.144193 -0.095000 0.886275 0.858824 0.184314
0.321892 0.146259 -0.094000 1.000000 1.000000 0.419608
0.321866 0.150354 -0.093000 0.890196 0.745098 0.172549
0.321946 0.152332 -0.096000 0.858824 0.725490 0.145098
0.321946 0.154375 -0.096000 0.984314 0.905882 0.294118
0.321973 0.156404 -0.097000 1.000000 1.000000 0.400000
0.322026 0.158428 -0.099000 1.000000 1.000000 0.615686
0.321759 0.198996 -0.089000 0.105882 0.266667 0.321569
0.321599 0.200738 -0.083000 0.101961 0.454902 0.611765
0.321545 0.202646 -0.081000 0.000000 0.400000 0.596078
0.321492 0.204543 -0.079000 0.247059 0.658824 0.870588
0.321492 0.206539 -0.079000 0.011765 0.458824 0.682353
0.321465 0.208477 -0.078000 0.000000 0.443137 0.666667
0.321492 0.210530 -0.079000 0.109804 0.647059 0.862745
0.321438 0.212400 -0.077000 0.007843 0.560784 0.772549
0.321385 0.214258 -0.075000 0.000000 0.470588 0.690196
0.321358 0.216175 -0.074000 0.000000 0.431373 0.650980
0.321385 0.218228 -0.075000 0.000000 0.364706 0.584314
0.321412 0.220287 -0.076000 0.125490 0.525490 0.749020
0.321438 0.222352 -0.077000 0.215686 0.623529 0.850980
0.321438 0.224342 -0.077000 0.176471 0.611765 0.835294
0.321412 0.226250 -0.076000 0.058824 0.607843 0.831373
0.321438 0.228323 -0.077000 0.043137 0.600000 0.823529
0.321599 0.230840 -0.083000 0.533333 0.764706 0.921569
0.321892 0.233843 -0.094000 0.000000 0.141176 0.298039
0.319951 0.125674 -0.098000 0.172549 0.125490 0.000000
0.319904 0.127825 -0.096000 1.000000 0.976471 0.509804
0.319880 0.129916 -0.095000 0.960784 0.933333 0.301961
0.319904 0.131909 -0.096000 1.000000 0.984314 0.388235
0.319904 0.133952 -0.096000 0.803922 0.674510 0.113725
0.319904 0.135994 -0.096000 0.996078 0.854902 0.266667
0.319928 0.137998 -0.097000 1.000000 1.000000 0.368627
0.319904 0.140079 -0.096000 1.000000 1.000000 0.309804
0.319904 0.142121 -0.096000 0.992157 0.980392 0.270588
0.319856 0.144222 -0.094000 0.984314 0.972549 0.262745
0.319856 0.146259 -0.094000 1.000000 0.968627 0.309804
0.319832 0.148320 -0.093000 1.000000 0.996078 0.360784
0.319832 0.150354 -0.093000 0.815686 0.670588 0.105882
0.319904 0.152332 -0.096000 0.905882 0.776471 0.180392
0.319880 0.154391 -0.095000 1.000000 1.000000 0.411765
0.319928 0.156404 -0.097000 1.000000 1.000000 0.368627
0.319975 0.158428 -0.099000 1.000000 1.000000 0.607843
0.319760 0.199040 -0.090000 0.062745 0.266667 0.333333
0.319616 0.200785 -0.084000 0.082353 0.462745 0.639216
0.319568 0.202696 -0.082000 0.203922 0.654902 0.858824
0.319568 0.204700 -0.082000 0.011765 0.470588 0.686275
0.319544 0.206649 -0.081000 0.027451 0.415686 0.643137
0.319544 0.208650 -0.081000 0.035294 0.423529 0.650980
0.319544 0.210651 -0.081000 0.027451 0.482353 0.705882
0.319496 0.212526 -0.079000 0.090196 0.584314 0.803922
0.319448 0.214390 -0.077000 0.000000 0.450980 0.666667
0.319424 0.216312 -0.076000 0.000000 0.419608 0.639216
0.319448 0.218371 -0.077000 0.066667 0.501961 0.721569
0.319472 0.220436 -0.078000 0.149020 0.588235 0.807843
0.319496 0.222506 -0.079000 0.000000 0.435294 0.654902
0.319496 0.224501 -0.079000 0.011765 0.427451 0.654902
0.319424 0.226250 -0.076000 0.121569 0.643137 0.858824
0.319472 0.228408 -0.078000 0.054902 0.596078 0.811765
0.319640 0.231016 -0.085000 0.235294 0.733333 0.937255
0.317904 0.125674 -0.098000 0.176471 0.133333 0.000000
0.317840 0.127876 -0.095000 1.000000 0.988235 0.494118
0.317819 0.129965 -0.094000 1.000000 0.996078 0.333333
0.317819 0.132001 -0.094000 1.000000 1.000000 0.333333
0.317840 0.133995 -0.095000 1.000000 1.000000 0.337255
0.317798 0.136116 -0.093000 1.000000 1.000000 0.352941
0.317819 0.138112 -0.094000 1.000000 1.000000 0.301961
0.317798 0.140184 -0.093000 1.000000 1.000000 0.301961
0.317840 0.142153 -0.095000 1.000000 1.000000 0.309804
0.317840 0.144193 -0.095000 1.000000 1.000000 0.286275
0.317861 0.146205 -0.096000 1.000000 1.000000 0.294118
0.317819 0.148296 -0.094000 1.000000 1.000000 0.313725
0.317798 0.150354 -0.093000 1.000000 1.000000 0.329412
0.317798 0.152388 -0.093000 1.000000 1.000000 0.313725
0.317798 0.154422 -0.093000 1.000000 1.000000 0.294118
0.317840 0.156430 -0.095000 1.000000 1.000000 0.313725
0.317883 0.158449 -0.097000 1.000000 1.000000 0.592157
0.317713 0.198996 -0.089000 0.141176 0.466667 0.611765
0.317585 0.200738 -0.083000 0.129412 0.564706 0.745098
0.317543 0.202646 -0.081000 0.090196 0.596078 0.800000
0.317564 0.204700 -0.082000 0.007843 0.498039 0.717647
0.317564 0.206704 -0.082000 0.000000 0.254902 0.486275
0.317543 0.208650 -0.081000 0.000000 0.270588 0.501961
0.317543 0.210651 -0.081000 0.101961 0.592157 0.811765
0.317521 0.212589 -0.080000 0.066667 0.607843 0.823529
0.317500 0.214522 -0.079000 0.039216 0.541176 0.760784
0.317479 0.216449 -0.078000 0.000000 0.458824 0.682353
0.317479 0.218442 -0.078000 0.203922 0.639216 0.862745
0.317479 0.220436 -0.078000 0.000000 0.294118 0.521569
0.317479 0.222429 -0.078000 0.000000 0.333333 0.564706
0.317479 0.224422 -0.078000 0.000000 0.333333 0.564706
0.317415 0.226168 -0.075000 0.223529 0.682353 0.890196
0.317479 0.228408 -0.078000 0.152941 0.658824 0.870588
0.317606 0.230928 -0.084000 0.000000 0.200000 0.376471
0.315837 0.125728 -0.097000 0.188235 0.137255 0.000000
0.315782 0.127928 -0.094000 1.000000 0.984314 0.494118
0.315763 0.130013 -0.093000 0.992157 0.988235 0.325490
0.315763 0.132047 -0.093000 1.000000 1.000000 0.345098
0.315763 0.134082 -0.093000 1.000000 1.000000 0.325490
0.315763 0.136116 -0.093000 1.000000 1.000000 0.317647
0.315763 0.138150 -0.093000 1.000000 1.000000 0.290196
0.315782 0.140149 -0.094000 1.000000 1.000000 0.345098
0.315800 0.142153 -0.095000 1.000000 0.980392 0.341176
0.315800 0.144193 -0.095000 1.000000 0.988235 0.301961
0.315819 0.146205 -0.096000 1.000000 1.000000 0.305882
0.315819 0.148248 -0.096000 1.000000 1.000000 0.317647
0.315782 0.150333 -0.094000 1.000000 1.000000 0.317647
0.315763 0.152388 -0.093000 1.000000 1.000000 0.321569
0.315745 0.154438 -0.092000 1.000000 1.000000 0.286275
0.315782 0.156443 -0.094000 1.000000 1.000000 0.356863
0.315819 0.158459 -0.096000 1.000000 1.000000 0.580392
0.315652 0.198908 -0.087000 0.235294 0.643137 0.800000
0.315541 0.200645 -0.081000 0.078431 0.611765 0.811765
0.315523 0.202596 -0.080000 0.023529 0.631373 0.839216
0.315541 0.204647 -0.081000 0.058824 0.662745 0.882353
0.315560 0.206704 -0.082000 0.050980 0.627451 0.847059
0.315541 0.208650 -0.081000 0.094118 0.666667 0.894118
0.315504 0.210530 -0.079000 0.054902 0.670588 0.886275
0.315504 0.212526 -0.079000 0.011765 0.627451 0.843137
0.315504 0.214522 -0.079000 0.015686 0.615686 0.823529
0.315523 0.216587 -0.080000 0.035294 0.619608 0.831373
0.315523 0.218585 -0.080000 0.035294 0.619608 0.831373
0.315504 0.220510 -0.079000 0.117647 0.678431 0.890196
0.315467 0.222352 -0.077000 0.000000 0.282353 0.505882
0.315449 0.224263 -0.076000 0.000000 0.309804 0.537255
0.315430 0.226168 -0.075000 0.152941 0.654902 0.874510
0.315523 0.228578 -0.080000 0.172549 0.701961 0.917647
0.313808 0.125674 -0.098000 0.192157 0.145098 0.000000
0.313745 0.127928 -0.094000 0.988235 0.949020 0.474510
0.313714 0.130062 -0.092000 0.925490 0.901961 0.254902
0.313714 0.132093 -0.092000 0.964706 0.941176 0.294118
0.313729 0.134082 -0.093000 0.992157 0.972549 0.301961
0.313745 0.136075 -0.094000 1.000000 0.984314 0.290196
0.313745 0.138112 -0.094000 0.992157 0.976471 0.282353
0.313761 0.140114 -0.095000 0.992157 0.976471 0.290196
0.313745 0.142186 -0.094000 0.901961 0.866667 0.223529
0.313761 0.144193 -0.095000 0.933333 0.898039 0.254902
0.313777 0.146205 -0.096000 0.964706 0.929412 0.286275
0.313777 0.148248 -0.096000 0.984314 0.949020 0.305882
0.313761 0.150311 -0.095000 1.000000 0.980392 0.317647
0.313729 0.152388 -0.093000 1.000000 0.984314 0.313725
0.313714 0.154438 -0.092000 0.996078 0.996078 0.309804
0.313745 0.156443 -0.094000 1.000000 1.000000 0.372549
0.313792 0.158449 -0.097000 1.000000 1.000000 0.592157
0.313587 0.198776 -0.084000 0.262745 0.686275 0.850980
0.313493 0.200504 -0.078000 0.047059 0.639216 0.850980
0.313493 0.202497 -0.078000 0.035294 0.643137 0.850980
0.313508 0.204543 -0.079000 0.027451 0.639216 0.862745
0.313540 0.206649 -0.081000 0.027451 0.639216 0.862745
0.313524 0.208592 -0.080000 0.019608 0.639216 0.862745
0.313508 0.210530 -0.079000 0.011765 0.639216 0.862745
0.313493 0.212463 -0.078000 0.035294 0.631373 0.850980
0.313524 0.214588 -0.080000 0.035294 0.631373 0.850980
0.313524 0.216587 -0.080000 0.031373 0.627451 0.847059
0.313524 0.218585 -0.080000 0.043137 0.639216 0.858824
0.313493 0.220436 -0.078000 0.039216 0.643137 0.862745
0.313477 0.222352 -0.077000 0.066667 0.662745 0.882353
0.313461 0.224263 -0.076000 0.078431 0.662745 0.874510
0.313477 0.226333 -0.077000 0.070588 0.635294 0.858824
0.313540 0.228663 -0.081000 0.192157 0.745098 0.956863
0.311734 0.125783 -0.096000 0.192157 0.152941 0.000000
0.311695 0.127979 -0.093000 0.894118 0.858824 0.400000
0.311682 0.130062 -0.092000 0.850980 0.815686 0.211765
0.311695 0.132047 -0.093000 0.800000 0.768627 0.152941
0.311695 0.134082 -0.093000 0.929412 0.894118 0.250980
0.311695 0.136116 -0.093000 0.972549 0.941176 0.286275
0.311695 0.138150 -0.093000 0.960784 0.933333 0.247059
0.311708 0.140149 -0.094000 0.945098 0.913725 0.239216
0.311721 0.142153 -0.095000 0.894118 0.854902 0.211765
0.311721 0.144193 -0.095000 0.901961 0.862745 0.223529
0.311747 0.146179 -0.097000 0.854902 0.811765 0.184314
0.311747 0.148224 -0.097000 0.847059 0.807843 0.168627
0.311721 0.150311 -0.095000 0.941176 0.905882 0.262745
0.311695 0.152388 -0.093000 0.968627 0.945098 0.290196
0.311669 0.154454 -0.091000 0.980392 0.960784 0.298039
0.311708 0.156443 -0.094000 1.000000 1.000000 0.392157
0.311774 0.158428 -0.099000 1.000000 1.000000 0.576471
0.311565 0.198732 -0.083000 0.262745 0.670588 0.827451
0.311512 0.200551 -0.079000 0.050980 0.584314 0.780392
0.311512 0.202547 -0.079000 0.094118 0.639216 0.847059
0.311539 0.204647 -0.081000 0.094118 0.635294 0.858824
0.311539 0.206649 -0.081000 0.039216 0.631373 0.854902
0.311525 0.208592 -0.080000 0.035294 0.639216 0.862745
0.311512 0.210530 -0.079000 0.027451 0.647059 0.870588
0.311525 0.212589 -0.080000 0.019608 0.639216 0.862745
0.311539 0.214654 -0.081000 0.047059 0.643137 0.866667
0.311552 0.216724 -0.082000 0.094118 0.666667 0.894118
0.311525 0.218585 -0.080000 0.058824 0.650980 0.874510
0.311512 0.220510 -0.079000 0.035294 0.658824 0.874510
0.311499 0.222429 -0.078000 0.023529 0.635294 0.858824
0.311499 0.224422 -0.078000 0.039216 0.643137 0.862745
0.311512 0.226497 -0.079000 0.058824 0.643137 0.862745
0.311578 0.228918 -0.084000 0.250980 0.772549 0.984314
0.309723 0.125620 -0.099000 0.196078 0.156863 0.000000
0.309682 0.127876 -0.095000 0.870588 0.827451 0.368627
0.309651 0.130062 -0.092000 0.815686 0.776471 0.188235
0.309661 0.132047 -0.093000 1.000000 1.000000 0.427451
0.309661 0.134082 -0.093000 0.913725 0.862745 0.243137
0.309661 0.136116 -0.093000 0.929412 0.874510 0.231373
0.309661 0.138150 -0.093000 1.000000 0.992157 0.349020
0.309661 0.140184 -0.093000 0.949020 0.894118 0.250980
0.309671 0.142186 -0.094000 0.886275 0.839216 0.200000
0.309682 0.144193 -0.095000 0.882353 0.831373 0.203922
0.309682 0.146232 -0.095000 0.937255 0.874510 0.262745
0.309692 0.148248 -0.096000 1.000000 1.000000 0.403922
0.309682 0.150311 -0.095000 0.921569 0.862745 0.235294
0.309661 0.152388 -0.093000 0.980392 0.933333 0.294118
0.309682 0.156430 -0.095000 1.000000 1.000000 0.396078
0.309733 0.158417 -0.100000 1.000000 1.000000 0.580392
0.309568 0.198776 -0.084000 0.137255 0.545098 0.709804
0.309527 0.200598 -0.080000 0.027451 0.470588 0.674510
0.309537 0.202646 -0.081000 0.000000 0.352941 0.572549
0.309537 0.204647 -0.081000 0.000000 0.376471 0.600000
0.309548 0.206704 -0.082000 0.000000 0.462745 0.694118
0.309527 0.208592 -0.080000 0.031373 0.603922 0.831373
0.309527 0.210591 -0.080000 0.015686 0.611765 0.835294
0.309537 0.212653 -0.081000 0.000000 0.592157 0.815686
0.309558 0.214786 -0.083000 0.000000 0.533333 0.756863
0.309548 0.216724 -0.082000 0.000000 0.521569 0.745098
0.309527 0.218585 -0.080000 0.078431 0.603922 0.831373
0.309517 0.220510 -0.079000 0.098039 0.635294 0.858824
0.309517 0.222506 -0.079000 0.054902 0.635294 0.862745
0.309517 0.224501 -0.079000 0.035294 0.627451 0.862745
0.309527 0.226580 -0.080000 0.047059 0.631373 0.850980
0.309568 0.228918 -0.084000 0.329412 0.772549 0.976471
0.307680 0.125566 -0.100000 0.215686 0.168627 0.000000
0.307657 0.127773 -0.097000 0.862745 0.811765 0.352941
0.307635 0.129965 -0.094000 0.960784 0.929412 0.352941
0.307635 0.132001 -0.094000 0.917647 0.866667 0.278431
0.307635 0.134038 -0.094000 0.913725 0.850980 0.239216
0.307635 0.136075 -0.094000 0.901961 0.831373 0.219608
0.307627 0.138150 -0.093000 1.000000 0.980392 0.337255
0.307627 0.140184 -0.093000 1.000000 0.945098 0.301961
0.307642 0.142153 -0.095000 0.890196 0.850980 0.211765
0.307650 0.144163 -0.096000 0.866667 0.819608 0.180392
0.307642 0.146232 -0.095000 1.000000 1.000000 0.447059
0.307635 0.148296 -0.094000 0.945098 0.870588 0.274510
0.307635 0.150333 -0.094000 0.917647 0.847059 0.235294
0.307635 0.152370 -0.094000 0.898039 0.835294 0.219608
0.307635 0.154407 -0.094000 1.000000 1.000000 0.352941
0.307657 0.156404 -0.097000 1.000000 1.000000 0.372549
0.307574 0.198864 -0.086000 0.094118 0.482353 0.666667
0.307543 0.200692 -0.082000 0.000000 0.392157 0.580392
0.307559 0.202795 -0.084000 0.211765 0.639216 0.858824
0.307559 0.204804 -0.084000 0.121569 0.560784 0.784314
0.307551 0.206759 -0.083000 0.101961 0.580392 0.811765
0.307528 0.208592 -0.080000 0.062745 0.611765 0.835294
0.307528 0.210591 -0.080000 0.031373 0.572549 0.796078
0.307543 0.212716 -0.082000 0.000000 0.498039 0.713725
0.307551 0.214786 -0.083000 0.015686 0.462745 0.686275
0.307559 0.216861 -0.084000 0.007843 0.462745 0.694118
0.307536 0.218657 -0.081000 0.000000 0.364706 0.600000
0.307536 0.220658 -0.081000 0.000000 0.407843 0.639216
0.307528 0.222582 -0.080000 0.000000 0.458824 0.690196
0.307536 0.224661 -0.081000 0.027451 0.600000 0.835294
0.307543 0.226744 -0.082000 0.015686 0.600000 0.819608
0.307589 0.229259 -0.088000 0.388235 0.752941 0.929412
0.305608 0.127825 -0.096000 0.921569 0.901961 0.411765
0.305603 0.129916 -0.095000 0.937255 0.898039 0.282353
0.305603 0.131955 -0.095000 0.858824 0.803922 0.200000
0.305608 0.133952 -0.096000 0.807843 0.678431 0.086275
0.305608 0.135994 -0.096000 0.823529 0.694118 0.101961
0.305603 0.138074 -0.095000 1.000000 1.000000 0.376471
0.305608 0.140079 -0.096000 1.000000 1.000000 0.313725
0.305612 0.142089 -0.097000 0.949020 0.933333 0.239216
0.305612 0.144134 -0.097000 0.913725 0.890196 0.203922
0.305608 0.146205 -0.096000 1.000000 0.992157 0.396078
0.305608 0.150290 -0.096000 0.835294 0.690196 0.117647
0.305608 0.152332 -0.096000 0.835294 0.705882 0.113725
0.305603 0.154391 -0.095000 1.000000 1.000000 0.384314
0.305608 0.156417 -0.096000 1.000000 1.000000 0.439216
0.305627 0.158417 -0.100000 1.000000 1.000000 0.580392
0.305559 0.198864 -0.086000 0.058824 0.462745 0.643137
0.305544 0.200738 -0.083000 0.050980 0.478431 0.658824
0.305549 0.202795 -0.084000 0.054902 0.505882 0.721569
0.305544 0.204752 -0.083000 0.000000 0.431373 0.654902
0.305549 0.206814 -0.084000 0.000000 0.407843 0.643137
0.305539 0.208708 -0.082000 0.047059 0.501961 0.733333
0.305539 0.210712 -0.082000 0.007843 0.529412 0.745098
0.305544 0.212779 -0.083000 0.000000 0.454902 0.674510
0.305544 0.214786 -0.083000 0.011765 0.447059 0.670588
0.305549 0.216861 -0.084000 0.000000 0.411765 0.635294
0.305539 0.218728 -0.082000 0.172549 0.635294 0.858824
0.305544 0.220806 -0.083000 0.035294 0.490196 0.713725
0.305539 0.222736 -0.082000 0.050980 0.521569 0.752941
0.305535 0.224661 -0.081000 0.113725 0.631373 0.858824
0.305539 0.226744 -0.082000 0.062745 0.615686 0.827451
0.305569 0.229259 -0.088000 0.423529 0.768627 0.909804
0.303570 0.125674 -0.098000 0.152941 0.141176 0.000000
0.303563 0.127876 -0.095000 1.000000 0.984314 0.478431
0.303561 0.129965 -0.094000 0.972549 0.945098 0.305882
0.303565 0.131909 -0.096000 1.000000 0.988235 0.376471
0.303565 0.133952 -0.096000 0.901961 0.850980 0.254902
0.303565 0.135994 -0.096000 1.000000 0.972549 0.329412
0.303563 0.138074 -0.095000 1.000000 1.000000 0.352941
0.303567 0.140043 -0.097000 1.000000 1.000000 0.294118
0.303567 0.142089 -0.097000 1.000000 0.992157 0.282353
0.303570 0.144104 -0.098000 1.000000 0.992157 0.274510
0.303570 0.146152 -0.098000 1.000000 0.980392 0.305882
0.303565 0.148248 -0.096000 1.000000 1.000000 0.392157
0.303567 0.150269 -0.097000 0.850980 0.803922 0.192157
0.303567 0.152314 -0.097000 1.000000 0.980392 0.352941
0.303563 0.154391 -0.095000 1.000000 1.000000 0.356863
0.303567 0.156404 -0.097000 1.000000 1.000000 0.415686
0.303574 0.158417 -0.100000 1.000000 1.000000 0.556863
0.303544 0.198864 -0.086000 0.047059 0.529412 0.717647
0.303538 0.200738 -0.083000 0.035294 0.541176 0.752941
0.303540 0.202795 -0.084000 0.000000 0.376471 0.603922
0.303540 0.204804 -0.084000 0.000000 0.266667 0.498039
0.303544 0.206924 -0.086000 0.000000 0.290196 0.529412
0.303542 0.208881 -0.085000 0.050980 0.505882 0.729412
0.303542 0.210893 -0.085000 0.043137 0.603922 0.815686
0.303542 0.212906 -0.085000 0.000000 0.513725 0.729412
0.303542 0.214918 -0.085000 0.000000 0.431373 0.654902
0.303542 0.216930 -0.085000 0.200000 0.639216 0.862745
0.303540 0.218871 -0.084000 0.000000 0.435294 0.658824
0.303542 0.220955 -0.085000 0.000000 0.411765 0.635294
0.303540 0.222890 -0.084000 0.000000 0.403922 0.631373
0.303535 0.224740 -0.082000 0.050980 0.513725 0.737255
0.303535 0.226744 -0.082000 0.137255 0.666667 0.882353
0.303550 0.229344 -0.089000 0.400000 0.737255 0.941176
0.301522 0.125728 -0.097000 0.149020 0.137255 0.000000
0.301524 0.127928 -0.094000 1.000000 0.992157 0.494118
0.301524 0.129965 -0.094000 1.000000 1.000000 0.325490
0.301524 0.131955 -0.095000 1.000000 1.000000 0.317647
0.301523 0.133952 -0.096000 1.000000 1.000000 0.317647
0.301523 0.135994 -0.096000 1.000000 1.000000 0.298039
0.301524 0.138074 -0.095000 1.000000 1.000000 0.309804
0.301523 0.140079 -0.096000 1.000000 1.000000 0.298039
0.301523 0.142121 -0.096000 1.000000 1.000000 0.298039
0.301522 0.144104 -0.098000 1.000000 1.000000 0.290196
0.301522 0.146152 -0.098000 1.000000 1.000000 0.286275
0.301522 0.148224 -0.097000 1.000000 1.000000 0.329412
0.301522 0.150269 -0.097000 1.000000 1.000000 0.356863
0.301523 0.152332 -0.096000 1.000000 1.000000 0.352941
0.301524 0.154391 -0.095000 1.000000 1.000000 0.333333
0.301524 0.156430 -0.095000 1.000000 1.000000 0.419608
0.301521 0.158428 -0.099000 1.000000 1.000000 0.552941
0.301525 0.197097 -0.092000 0.239216 0.521569 0.615686
0.301530 0.198820 -0.085000 0.086275 0.627451 0.835294
0.301531 0.200692 -0.082000 0.074510 0.635294 0.847059
0.301530 0.202795 -0.084000 0.133333 0.662745 0.878431
0.301530 0.204857 -0.085000 0.031373 0.458824 0.682353
0.301528 0.206979 -0.087000 0.078431 0.525490 0.756863
0.301528 0.208997 -0.087000 0.156863 0.666667 0.894118
0.301529 0.210954 -0.086000 0.027451 0.619608 0.831373
0.301530 0.212906 -0.085000 0.000000 0.576471 0.788235
0.301530 0.214852 -0.084000 0.000000 0.529412 0.745098
0.301530 0.216930 -0.085000 0.086275 0.623529 0.839216
0.301530 0.218942 -0.085000 0.000000 0.262745 0.498039
0.301529 0.221029 -0.086000 0.000000 0.266667 0.505882
0.301530 0.222967 -0.085000 0.000000 0.290196 0.521569
0.301531 0.224740 -0.082000 0.109804 0.584314 0.803922
0.301531 0.226827 -0.083000 0.274510 0.717647 0.909804
0.301528 0.229259 -0.088000 0.000000 0.054902 0.250980
0.299474 0.125674 -0.098000 0.149020 0.137255 0.000000
0.299481 0.127825 -0.096000 0.996078 0.980392 0.482353
0.299484 0.129916 -0.095000 0.980392 0.976471 0.305882
0.299481 0.131909 -0.096000 1.000000 1.000000 0.341176
0.299481 0.133952 -0.096000 1.000000 1.000000 0.317647
0.299481 0.135994 -0.096000 1.000000 1.000000 0.317647
0.299481 0.138036 -0.096000 1.000000 1.000000 0.313725
0.299487 0.140149 -0.094000 1.000000 1.000000 0.298039
0.299484 0.142153 -0.095000 0.988235 0.976471 0.274510
0.299481 0.144163 -0.096000 1.000000 0.988235 0.286275
0.299477 0.146179 -0.097000 1.000000 0.996078 0.301961
0.299481 0.148248 -0.096000 1.000000 1.000000 0.321569
0.299481 0.150290 -0.096000 1.000000 1.000000 0.325490
0.299481 0.152332 -0.096000 1.000000 1.000000 0.329412
0.299484 0.154391 -0.095000 0.996078 1.000000 0.317647
0.299477 0.156404 -0.097000 1.000000 1.000000 0.419608
0.299464 0.158407 -0.101000 1.000000 0.980392 0.521569
0.299491 0.197138 -0.093000 0.329412 0.666667 0.807843
0.299517 0.198820 -0.085000 0.078431 0.631373 0.843137
0.299524 0.200738 -0.083000 0.043137 0.639216 0.858824
0.299521 0.202795 -0.084000 0.035294 0.639216 0.858824
0.299514 0.204909 -0.086000 0.027451 0.643137 0.858824
0.299507 0.207034 -0.088000 0.031373 0.643137 0.866667
0.299511 0.208997 -0.087000 0.031373 0.647059 0.862745
0.299517 0.210893 -0.085000 0.050980 0.647059 0.866667
0.299521 0.212842 -0.084000 0.043137 0.619608 0.831373
0.299517 0.214918 -0.085000 0.031373 0.615686 0.835294
0.299507 0.217136 -0.088000 0.023529 0.619608 0.839216
0.299504 0.219228 -0.089000 0.113725 0.654902 0.878431
0.299507 0.221177 -0.088000 0.054902 0.501961 0.733333
0.299514 0.223044 -0.086000 0.082353 0.572549 0.792157
0.299521 0.224899 -0.084000 0.109804 0.662745 0.874510
0.299511 0.227156 -0.087000 0.384314 0.741176 0.917647
0.299494 0.229599 -0.092000 0.003922 0.180392 0.337255
0.297420 0.125620 -0.099000 0.200000 0.149020 0.000000
0.297432 0.127773 -0.097000 0.925490 0.890196 0.431373
0.297438 0.129867 -0.096000 0.913725 0.878431 0.274510
0.297438 0.131909 -0.096000 0.925490 0.894118 0.278431
0.297438 0.133952 -0.096000 0.964706 0.941176 0.294118
0.297438 0.135994 -0.096000 0.984314 0.964706 0.290196
0.297438 0.138036 -0.096000 0.988235 0.972549 0.278431
0.297451 0.140149 -0.094000 0.980392 0.952941 0.278431
0.297444 0.142153 -0.095000 0.956863 0.929412 0.258824
0.297438 0.144163 -0.096000 0.937255 0.905882 0.247059
0.297432 0.146179 -0.097000 0.941176 0.909804 0.250980
0.297438 0.148248 -0.096000 0.976471 0.945098 0.286275
0.297451 0.150333 -0.094000 0.984314 0.964706 0.301961
0.297457 0.152388 -0.093000 0.988235 0.964706 0.309804
0.297457 0.154422 -0.093000 0.992157 0.984314 0.329412
0.297438 0.156417 -0.096000 1.000000 1.000000 0.431373
0.297408 0.158407 -0.101000 1.000000 1.000000 0.545098
0.297457 0.197138 -0.093000 0.301961 0.658824 0.800000
0.297499 0.198864 -0.086000 0.086275 0.627451 0.835294
0.297517 0.200738 -0.083000 0.043137 0.643137 0.850980
0.297505 0.202844 -0.085000 0.054902 0.650980 0.874510
0.297499 0.204909 -0.086000 0.035294 0.639216 0.862745
0.297493 0.206979 -0.087000 0.011765 0.631373 0.854902
0.297505 0.208881 -0.085000 0.039216 0.631373 0.854902
0.297511 0.210833 -0.084000 0.125490 0.709804 0.929412
0.297517 0.212779 -0.083000 0.000000 0.541176 0.760784
0.297517 0.214786 -0.083000 0.039216 0.635294 0.854902
0.297499 0.216999 -0.086000 0.023529 0.639216 0.854902
0.297487 0.219156 -0.088000 0.027451 0.639216 0.862745
0.297487 0.221177 -0.088000 0.027451 0.639216 0.862745
0.297499 0.223044 -0.086000 0.019608 0.643137 0.858824
0.297511 0.224899 -0.084000 0.035294 0.639216 0.858824
0.297487 0.227238 -0.088000 0.380392 0.745098 0.929412
0.295379 0.125674 -0.098000 0.184314 0.164706 0.000000
0.295405 0.127876 -0.095000 0.878431 0.843137 0.392157
0.295405 0.129916 -0.095000 0.811765 0.772549 0.184314
0.295405 0.131955 -0.095000 0.878431 0.835294 0.235294
0.295405 0.133995 -0.095000 1.000000 0.976471 0.388235
0.295414 0.136075 -0.094000 1.000000 0.972549 0.345098
0.295405 0.138074 -0.095000 0.968627 0.933333 0.274510
0.295414 0.140149 -0.094000 0.949020 0.913725 0.258824
0.295405 0.142153 -0.095000 0.894118 0.854902 0.211765
0.295396 0.144163 -0.096000 0.898039 0.858824 0.215686
0.295387 0.146179 -0.097000 0.839216 0.800000 0.156863
0.295396 0.148248 -0.096000 0.952941 0.913725 0.270588
0.295422 0.150354 -0.093000 1.000000 0.980392 0.325490
0.295440 0.152426 -0.091000 0.976471 0.952941 0.305882
0.295440 0.154454 -0.091000 0.980392 0.964706 0.317647
0.295396 0.156417 -0.096000 1.000000 1.000000 0.439216
0.295414 0.197180 -0.094000 0.207843 0.533333 0.678431
0.295458 0.198996 -0.089000 0.082353 0.498039 0.701961
0.295493 0.200832 -0.085000 0.000000 0.364706 0.576471
0.295484 0.202894 -0.086000 0.000000 0.352941 0.576471
0.295493 0.204857 -0.085000 0.000000 0.462745 0.694118
0.295484 0.206924 -0.086000 0.023529 0.611765 0.847059
0.295493 0.208881 -0.085000 0.043137 0.615686 0.843137
0.295475 0.211014 -0.087000 0.058824 0.615686 0.839216
0.295484 0.212969 -0.086000 0.058824 0.607843 0.831373
0.295484 0.214984 -0.086000 0.027451 0.611765 0.831373
0.295475 0.217067 -0.087000 0.039216 0.635294 0.854902
0.295458 0.219228 -0.089000 0.043137 0.639216 0.862745
0.295458 0.221251 -0.089000 0.027451 0.631373 0.854902
0.295484 0.223044 -0.086000 0.015686 0.639216 0.854902
0.295493 0.224979 -0.085000 0.023529 0.627451 0.850980
0.295458 0.227321 -0.089000 0.380392 0.733333 0.933333
0.293296 0.123456 -0.101000 0.149020 0.156863 0.117647
0.293377 0.125891 -0.094000 0.788235 0.768627 0.537255
0.293388 0.127979 -0.093000 0.835294 0.788235 0.243137
0.293400 0.130062 -0.092000 1.000000 0.988235 0.439216
0.293388 0.132047 -0.093000 0.980392 0.929412 0.301961
0.293388 0.134082 -0.093000 0.909804 0.866667 0.211765
0.293377 0.136075 -0.094000 0.917647 0.870588 0.227451
0.293377 0.138112 -0.094000 1.000000 0.996078 0.356863
0.293377 0.140149 -0.094000 0.960784 0.913725 0.274510
0.293365 0.142153 -0.095000 0.874510 0.831373 0.203922
0.293354 0.144163 -0.096000 0.882353 0.839216 0.211765
0.293365 0.146232 -0.095000 1.000000 0.952941 0.333333
0.293365 0.148272 -0.095000 1.000000 0.968627 0.341176
0.293400 0.150376 -0.092000 0.917647 0.858824 0.223529
0.293400 0.152407 -0.092000 0.964706 0.917647 0.278431
0.293411 0.154454 -0.091000 1.000000 0.976471 0.321569
0.293354 0.156417 -0.096000 1.000000 1.000000 0.427451
0.293308 0.158417 -0.100000 0.925490 0.890196 0.431373
0.293354 0.197263 -0.096000 0.184314 0.513725 0.647059
0.293423 0.199040 -0.090000 0.003922 0.411765 0.607843
0.293457 0.200926 -0.087000 0.074510 0.486275 0.698039
0.293469 0.202894 -0.086000 0.168627 0.615686 0.839216
0.293481 0.204857 -0.085000 0.137255 0.615686 0.847059
0.293469 0.206924 -0.086000 0.043137 0.592157 0.819608
0.293469 0.208939 -0.086000 0.019608 0.576471 0.800000
0.293457 0.211014 -0.087000 0.027451 0.541176 0.756863
0.293457 0.213032 -0.087000 0.000000 0.494118 0.713725
0.293469 0.214984 -0.086000 0.015686 0.462745 0.686275
0.293457 0.217067 -0.087000 0.000000 0.368627 0.592157
0.293446 0.219156 -0.088000 0.000000 0.384314 0.615686
0.293446 0.221177 -0.088000 0.000000 0.478431 0.705882
0.293469 0.223044 -0.086000 0.019608 0.611765 0.835294
0.293469 0.225059 -0.086000 0.039216 0.619608 0.847059
0.293423 0.227403 -0.090000 0.470588 0.733333 0.913725
0.291240 0.123456 -0.101000 0.141176 0.152941 0.105882
0.291340 0.125891 -0.094000 0.819608 0.800000 0.568627
0.291369 0.128031 -0.092000 0.839216 0.792157 0.247059
0.291383 0.130111 -0.091000 1.000000 1.000000 0.466667
0.291369 0.132093 -0.092000 0.905882 0.839216 0.211765
0.291354 0.134082 -0.093000 0.905882 0.850980 0.207843
0.291340 0.136075 -0.094000 0.901961 0.839216 0.196078
0.291340 0.138112 -0.094000 1.000000 0.996078 0.360784
0.291354 0.140184 -0.093000 1.000000 0.968627 0.329412
0.291340 0.142186 -0.094000 0.894118 0.854902 0.227451
0.291312 0.144163 -0.096000 0.866667 0.827451 0.188235
0.291326 0.146232 -0.095000 1.000000 1.000000 0.403922
0.291326 0.148272 -0.095000 0.925490 0.854902 0.239216
0.291340 0.150333 -0.094000 0.921569 0.854902 0.227451
0.291354 0.152388 -0.093000 0.913725 0.847059 0.219608
0.291354 0.154422 -0.093000 1.000000 1.000000 0.368627
0.291297 0.156404 -0.097000 1.000000 1.000000 0.450980
0.291240 0.158407 -0.101000 0.917647 0.890196 0.431373
0.291312 0.197263 -0.096000 0.129412 0.505882 0.666667
0.291383 0.199084 -0.091000 0.000000 0.419608 0.611765
0.291411 0.201019 -0.089000 0.156863 0.615686 0.823529
0.291426 0.202993 -0.088000 0.003922 0.419608 0.647059
0.291440 0.204961 -0.087000 0.000000 0.419608 0.650980
0.291426 0.207034 -0.088000 0.129412 0.631373 0.858824
0.291426 0.209054 -0.088000 0.007843 0.533333 0.760784
0.291411 0.211135 -0.089000 0.000000 0.474510 0.694118
0.291411 0.213158 -0.089000 0.000000 0.450980 0.674510
0.291411 0.215182 -0.089000 0.000000 0.396078 0.619608
0.291411 0.217205 -0.089000 0.160784 0.615686 0.839216
0.291397 0.219299 -0.090000 0.149020 0.603922 0.827451
0.291397 0.221325 -0.090000 0.113725 0.607843 0.835294
0.291426 0.223197 -0.088000 0.086275 0.650980 0.874510
0.291426 0.225218 -0.088000 0.062745 0.623529 0.835294
0.291369 0.227568 -0.092000 0.356863 0.776471 0.956863
0.289286 0.125837 -0.095000 0.909804 0.874510 0.627451
0.289320 0.127979 -0.093000 0.894118 0.866667 0.266667
0.289337 0.130062 -0.092000 1.000000 0.984314 0.368627
0.289320 0.132047 -0.093000 0.776471 0.686275 0.078431
0.289303 0.134038 -0.094000 0.803922 0.678431 0.098039
0.289303 0.136075 -0.094000 0.815686 0.690196 0.109804
0.289320 0.138150 -0.093000 1.000000 1.000000 0.400000
0.289320 0.140184 -0.093000 1.000000 0.984314 0.313725
0.289320 0.142218 -0.093000 0.968627 0.949020 0.286275
0.289320 0.144252 -0.093000 0.925490 0.905882 0.231373
0.289320 0.146286 -0.093000 1.000000 0.980392 0.352941
0.289303 0.148296 -0.094000 0.752941 0.694118 0.098039
0.289303 0.150333 -0.094000 0.843137 0.713725 0.082353
0.289303 0.152370 -0.094000 0.850980 0.729412 0.098039
0.289286 0.154391 -0.095000 1.000000 1.000000 0.407843
0.289218 0.156377 -0.099000 1.000000 1.000000 0.470588
0.289235 0.195298 -0.098000 0.050980 0.211765 0.266667
0.289320 0.197138 -0.093000 0.117647 0.517647 0.686275
0.289405 0.198952 -0.088000 0.023529 0.486275 0.686275
0.289388 0.201019 -0.089000 0.000000 0.407843 0.623529
0.289388 0.203042 -0.089000 0.000000 0.352941 0.584314
0.289371 0.205118 -0.090000 0.000000 0.329412 0.572549
0.289371 0.207144 -0.090000 0.000000 0.392157 0.611765
0.289388 0.209112 -0.089000 0.066667 0.603922 0.819608
0.289388 0.211135 -0.089000 0.000000 0.470588 0.690196
0.289388 0.213158 -0.089000 0.000000 0.423529 0.647059
0.289388 0.215182 -0.089000 0.109804 0.556863 0.780392
0.289371 0.217273 -0.090000 0.043137 0.505882 0.729412
0.289354 0.219371 -0.091000 0.003922 0.411765 0.639216
0.289354 0.221399 -0.091000 0.007843 0.415686 0.643137
0.289388 0.223274 -0.089000 0.070588 0.560784 0.780392
0.289371 0.225377 -0.090000 0.125490 0.639216 0.854902
0.289286 0.227814 -0.095000 0.333333 0.749020 0.937255
0.287227 0.125783 -0.096000 0.203922 0.160784 0.000000
0.287266 0.127928 -0.094000 1.000000 0.976471 0.360784
0.287286 0.130013 -0.093000 1.000000 0.992157 0.345098
0.287266 0.132001 -0.094000 1.000000 1.000000 0.431373
0.287247 0.133995 -0.095000 1.000000 1.000000 0.419608
0.287266 0.136075 -0.094000 1.000000 1.000000 0.407843
0.287266 0.138112 -0.094000 1.000000 1.000000 0.356863
0.287306 0.140219 -0.092000 1.000000 1.000000 0.349020
0.287306 0.142250 -0.092000 0.988235 0.992157 0.294118
0.287306 0.144282 -0.092000 1.000000 0.988235 0.278431
0.287286 0.146286 -0.093000 1.000000 0.988235 0.286275
0.287306 0.148344 -0.092000 0.905882 0.874510 0.219608
0.287286 0.150354 -0.093000 0.796078 0.756863 0.129412
0.287306 0.152407 -0.092000 0.996078 0.972549 0.325490
0.287266 0.154407 -0.094000 1.000000 1.000000 0.364706
0.287188 0.156390 -0.098000 1.000000 1.000000 0.447059
0.287207 0.195259 -0.097000 0.000000 0.188235 0.254902
0.287326 0.197056 -0.091000 0.137255 0.627451 0.807843
0.287385 0.198952 -0.088000 0.074510 0.627451 0.835294
0.287345 0.201066 -0.090000 0.145098 0.647059 0.866667
0.287326 0.203142 -0.091000 0.000000 0.262745 0.494118
0.287306 0.205223 -0.092000 0.000000 0.270588 0.513725
0.287326 0.207199 -0.091000 0.113725 0.650980 0.874510
0.287345 0.209170 -0.090000 0.027451 0.611765 0.823529
0.287345 0.211196 -0.090000 0.023529 0.560784 0.776471
0.287326 0.213285 -0.091000 0.000000 0.505882 0.721569
0.287326 0.215313 -0.091000 0.125490 0.600000 0.819608
0.287306 0.217411 -0.092000 0.000000 0.294118 0.517647
0.287306 0.219442 -0.092000 0.000000 0.282353 0.513725
0.287286 0.221548 -0.093000 0.000000 0.298039 0.529412
0.287345 0.223351 -0.090000 0.086275 0.576471 0.796078
0.287326 0.225457 -0.091000 0.180392 0.701961 0.913725
0.287247 0.227814 -0.095000 0.286275 0.674510 0.862745
0.285140 0.125674 -0.098000 0.286275 0.270588 0.027451
0.285185 0.127825 -0.096000 1.000000 1.000000 0.627451
0.285207 0.129916 -0.095000 1.000000 1.000000 0.501961
0.285162 0.131863 -0.097000 1.000000 1.000000 0.498039
0.285185 0.133952 -0.096000 1.000000 1.000000 0.490196
0.285207 0.136035 -0.095000 1.000000 1.000000 0.486275
0.285207 0.138074 -0.095000 1.000000 1.000000 0.490196
0.285207 0.140114 -0.095000 1.000000 1.000000 0.486275
0.285207 0.142153 -0.095000 1.000000 1.000000 0.482353
0.285252 0.144252 -0.093000 1.000000 1.000000 0.498039
0.285252 0.146286 -0.093000 1.000000 1.000000 0.498039
0.285252 0.148320 -0.093000 1.000000 1.000000 0.337255
0.285230 0.150333 -0.094000 1.000000 1.000000 0.396078
0.285230 0.152370 -0.094000 1.000000 1.000000 0.372549
0.285185 0.154375 -0.096000 0.996078 1.000000 0.360784
0.285117 0.156377 -0.099000 1.000000 1.000000 0.490196
0.285162 0.195259 -0.097000 0.000000 0.211765 0.278431
0.285297 0.197056 -0.091000 0.109804 0.627451 0.823529
0.285364 0.198952 -0.088000 0.031373 0.631373 0.839216
0.285297 0.201113 -0.091000 0.035294 0.631373 0.850980
0.285274 0.203191 -0.092000 0.109804 0.666667 0.894118
0.285252 0.205275 -0.093000 0.109804 0.666667 0.894118
0.285274 0.207254 -0.092000 0.023529 0.635294 0.858824
0.285297 0.209228 -0.091000 0.015686 0.627451 0.850980
0.285297 0.211256 -0.091000 0.015686 0.611765 0.831373
0.285252 0.213411 -0.093000 0.031373 0.623529 0.843137
0.285252 0.215445 -0.093000 0.027451 0.627451 0.835294
0.285252 0.217479 -0.093000 0.066667 0.658824 0.870588
0.285297 0.219371 -0.091000 0.000000 0.388235 0.607843
0.285297 0.221399 -0.091000 0.035294 0.517647 0.737255
0.285342 0.223274 -0.089000 0.082353 0.658824 0.870588
0.285297 0.225457 -0.091000 0.250980 0.760784 0.949020
0.285185 0.227897 -0.096000 0.000000 0.305882 0.478431
0.283042 0.127619 -0.100000 0.121569 0.200000 0.019608
0.283067 0.129721 -0.099000 0.133333 0.254902 0.039216
0.283017 0.131679 -0.101000 0.125490 0.247059 0.031373
0.283042 0.133779 -0.100000 0.117647 0.239216 0.019608
0.283067 0.135872 -0.099000 0.121569 0.243137 0.023529
0.283067 0.137923 -0.099000 0.098039 0.215686 0.011765
0.283042 0.139938 -0.100000 0.121569 0.231373 0.027451
0.283067 0.142024 -0.099000 0.129412 0.231373 0.027451
0.283092 0.144104 -0.098000 0.133333 0.235294 0.031373
0.283067 0.146125 -0.099000 0.831373 0.933333 0.729412
0.283067 0.148175 -0.099000 0.815686 0.929412 0.713725
0.283067 0.150226 -0.099000 0.819608 0.917647 0.690196
0.283092 0.152295 -0.098000 0.878431 0.956863 0.745098
0.283067 0.154327 -0.099000 0.874510 0.956863 0.729412
0.283092 0.195298 -0.098000 0.101961 0.345098 0.443137
0.283243 0.197097 -0.092000 0.090196 0.631373 0.831373
0.283268 0.199084 -0.091000 0.027451 0.623529 0.843137
0.283243 0.201160 -0.092000 0.027451 0.623529 0.847059
0.283218 0.203241 -0.093000 0.023529 0.627451 0.850980
0.283218 0.205275 -0.093000 0.015686 0.627451 0.850980
0.283193 0.207364 -0.094000 0.019608 0.631373 0.854902
0.283218 0.209343 -0.093000 0.023529 0.635294 0.858824
0.283218 0.211377 -0.093000 0.027451 0.623529 0.847059
0.283218 0.213411 -0.093000 0.031373 0.627451 0.847059
0.283218 0.215445 -0.093000 0.027451 0.643137 0.858824
0.283243 0.217411 -0.092000 0.023529 0.639216 0.854902
0.283268 0.219371 -0.091000 0.066667 0.650980 0.870588
0.283268 0.221399 -0.091000 0.050980 0.643137 0.854902
0.283268 0.223428 -0.091000 0.031373 0.631373 0.839216
0.283218 0.225616 -0.093000 0.266667 0.733333 0.909804
0.283092 0.228061 -0.098000 0.000000 0.098039 0.196078
0.281044 0.195298 -0.098000 0.188235 0.431373 0.533333
0.281184 0.197138 -0.093000 0.070588 0.521569 0.729412
0.281156 0.199217 -0.094000 0.054902 0.509804 0.733333
0.281156 0.201253 -0.094000 0.058824 0.513725 0.745098
0.281156 0.203290 -0.094000 0.035294 0.584314 0.811765
0.281156 0.205327 -0.094000 0.035294 0.615686 0.843137
0.281156 0.207364 -0.094000 0.031373 0.627451 0.850980
0.281156 0.209401 -0.094000 0.027451 0.623529 0.847059
0.281156 0.211438 -0.094000 0.023529 0.600000 0.819608
0.281156 0.213474 -0.094000 0.035294 0.611765 0.831373
0.281156 0.215511 -0.094000 0.043137 0.635294 0.854902
0.281184 0.217479 -0.093000 0.047059 0.643137 0.862745
0.281212 0.219442 -0.092000 0.039216 0.635294 0.854902
0.281212 0.221473 -0.092000 0.027451 0.627451 0.835294
0.281212 0.223505 -0.092000 0.035294 0.619608 0.839216
0.281100 0.225855 -0.096000 0.321569 0.745098 0.941176
0.280961 0.228308 -0.101000 0.000000 0.086275 0.203922
0.278874 0.193393 -0.102000 0.117647 0.278431 0.329412
0.279027 0.195259 -0.097000 0.145098 0.513725 0.674510
0.279088 0.197221 -0.095000 0.003922 0.419608 0.615686
0.279058 0.199305 -0.096000 0.000000 0.372549 0.592157
0.279088 0.201300 -0.095000 0.117647 0.533333 0.760784
0.279088 0.203340 -0.095000 0.101961 0.580392 0.811765
0.279119 0.205327 -0.094000 0.043137 0.584314 0.807843
0.279058 0.207474 -0.096000 0.015686 0.588235 0.815686
0.279088 0.209459 -0.095000 0.000000 0.552941 0.776471
0.279088 0.211498 -0.095000 0.000000 0.486275 0.713725
0.279150 0.213411 -0.093000 0.019608 0.482353 0.705882
0.279119 0.215511 -0.094000 0.000000 0.360784 0.588235
0.279119 0.217548 -0.094000 0.000000 0.372549 0.600000
0.279119 0.219585 -0.094000 0.000000 0.462745 0.686275
0.279088 0.221696 -0.095000 0.000000 0.592157 0.803922
0.279088 0.223735 -0.095000 0.019608 0.615686 0.835294
0.279027 0.225934 -0.097000 0.325490 0.741176 0.945098
0.278874 0.228391 -0.102000 0.000000 0.090196 0.223529
0.276849 0.193358 -0.101000 0.098039 0.270588 0.309804
0.276982 0.195259 -0.097000 0.113725 0.490196 0.658824
0.277049 0.197221 -0.095000 0.000000 0.396078 0.592157
0.276982 0.199349 -0.097000 0.203922 0.654902 0.870588
0.276982 0.201394 -0.097000 0.086275 0.541176 0.764706
0.277016 0.203389 -0.096000 0.000000 0.427451 0.650980
0.277016 0.205432 -0.096000 0.137255 0.600000 0.823529
0.277049 0.207419 -0.095000 0.023529 0.537255 0.752941
0.277082 0.209401 -0.094000 0.000000 0.478431 0.698039
0.277082 0.211438 -0.094000 0.015686 0.443137 0.666667
0.277082 0.213474 -0.094000 0.000000 0.392157 0.619608
0.277049 0.215577 -0.095000 0.039216 0.474510 0.698039
0.277016 0.217685 -0.096000 0.180392 0.615686 0.839216
0.276982 0.219799 -0.097000 0.188235 0.615686 0.839216
0.276982 0.221844 -0.097000 0.105882 0.619608 0.835294
0.276982 0.223889 -0.097000 0.058824 0.611765 0.823529
0.276915 0.226093 -0.099000 0.427451 0.733333 0.898039
0.274793 0.193358 -0.101000 0.035294 0.188235 0.239216
0.274901 0.195298 -0.098000 0.101961 0.490196 0.674510
0.274973 0.197263 -0.096000 0.000000 0.427451 0.635294
0.274973 0.199305 -0.096000 0.011765 0.450980 0.674510
0.274973 0.201347 -0.096000 0.000000 0.364706 0.592157
0.274973 0.203389 -0.096000 0.000000 0.372549 0.611765
0.274973 0.205432 -0.096000 0.000000 0.364706 0.600000
0.275009 0.207419 -0.095000 0.121569 0.623529 0.843137
0.275082 0.209343 -0.093000 0.000000 0.482353 0.701961
0.275045 0.211438 -0.094000 0.003922 0.431373 0.654902
0.275009 0.213538 -0.095000 0.098039 0.533333 0.756863
0.274973 0.215643 -0.096000 0.184314 0.639216 0.862745
0.274973 0.217685 -0.096000 0.000000 0.419608 0.643137
0.274901 0.219870 -0.098000 0.003922 0.419608 0.647059
0.274973 0.221770 -0.096000 0.000000 0.341176 0.572549
0.274973 0.223812 -0.096000 0.129412 0.643137 0.858824
0.274901 0.226014 -0.098000 0.501961 0.752941 0.862745
0.272815 0.197387 -0.099000 0.062745 0.552941 0.768627
0.272853 0.199393 -0.098000 0.180392 0.643137 0.874510
0.272892 0.201394 -0.097000 0.000000 0.219608 0.470588
0.272892 0.203439 -0.097000 0.000000 0.258824 0.490196
0.272970 0.205379 -0.095000 0.098039 0.572549 0.792157
0.273009 0.207364 -0.094000 0.043137 0.623529 0.827451
0.273086 0.209285 -0.092000 0.000000 0.560784 0.768627
0.273047 0.211377 -0.093000 0.011765 0.517647 0.729412
0.272970 0.213538 -0.095000 0.094118 0.600000 0.811765
0.272931 0.215643 -0.096000 0.078431 0.584314 0.796078
0.272931 0.217685 -0.096000 0.000000 0.266667 0.498039
0.272931 0.219728 -0.096000 0.000000 0.286275 0.517647
0.272970 0.221696 -0.095000 0.000000 0.352941 0.576471
0.272931 0.223812 -0.096000 0.156863 0.670588 0.886275
0.272815 0.226093 -0.099000 0.094118 0.317647 0.462745
0.270639 0.199569 -0.102000 0.258824 0.717647 0.894118
0.270764 0.201488 -0.099000 0.309804 0.725490 0.929412
0.270806 0.203489 -0.098000 0.294118 0.709804 0.913725
0.270847 0.205484 -0.097000 0.223529 0.690196 0.898039
0.270847 0.207529 -0.097000 0.109804 0.662745 0.874510
0.270889 0.209516 -0.096000 0.098039 0.650980 0.862745
0.270847 0.211619 -0.097000 0.098039 0.639216 0.854902
0.270847 0.213664 -0.097000 0.101961 0.623529 0.835294
0.270806 0.215775 -0.098000 0.180392 0.678431 0.890196
0.270847 0.217754 -0.097000 0.058824 0.466667 0.701961
0.270889 0.219728 -0.096000 0.000000 0.325490 0.552941
0.270930 0.221696 -0.095000 0.145098 0.650980 0.862745
0.270806 0.223966 -0.098000 0.168627 0.674510 0.886275
0.270681 0.226252 -0.101000 0.000000 0.078431 0.239216
0.268581 0.203687 -0.102000 0.015686 0.125490 0.160784
0.268625 0.205693 -0.101000 0.047059 0.137255 0.192157
0.268581 0.207804 -0.102000 0.039216 0.137255 0.192157
0.268581 0.211921 -0.102000 0.043137 0.160784 0.215686
0.268581 0.213980 -0.102000 0.156863 0.270588 0.325490
0.268581 0.216039 -0.102000 0.270588 0.384314 0.494118
0.268625 0.218029 -0.101000 0.298039 0.486275 0.658824
0.268714 0.219942 -0.099000 0.372549 0.596078 0.780392
0.268714 0.221992 -0.099000 0.415686 0.686275 0.870588
0.268581 0.224273 -0.102000 0.482353 0.729412 0.901961
